#      Train        Test
   0.0135541    0.0138026 
    0.010972    0.0138938 
  0.00980826   0.00972414 
   0.0091114    0.0104314 
  0.00832514    0.0101441 
  0.00785863   0.00814729 
  0.00730661   0.00694772 
   0.0070024   0.00667763 
   0.0067146   0.00928234 
   0.0064658   0.00665407 
  0.00623412   0.00626676 
  0.00602104   0.00558739 
  0.00584836     0.004959 
  0.00561579   0.00579366 
  0.00553831   0.00783219 
  0.00546029   0.00490187 
  0.00541951   0.00562803 
  0.00515351    0.0062254 
  0.00496366    0.0055101 
  0.00495129   0.00480393 
  0.00490273   0.00491524 
  0.00487709   0.00526073 
  0.00454565   0.00457724 
  0.00453022   0.00409844 
  0.00444579   0.00527112 
   0.0044393   0.00433295 
  0.00440276   0.00434585 
  0.00425205   0.00461698 
  0.00420289   0.00509543 
  0.00408248   0.00481099 
  0.00412293   0.00449817 
  0.00400096   0.00417831 
  0.00394237   0.00341654 
  0.00399159    0.0048951 
  0.00398495   0.00387728 
  0.00384886   0.00438272 
  0.00381579   0.00380137 
  0.00372313   0.00320807 
   0.0037251    0.0044213 
  0.00374356   0.00378826 
   0.0037157   0.00349441 
  0.00364703   0.00474343 
  0.00358118    0.0044134 
  0.00364358   0.00418435 
  0.00342472   0.00387978 
   0.0035295   0.00355051 
  0.00345896   0.00374004 
  0.00347771   0.00364498 
  0.00339688   0.00379879 
  0.00342336   0.00358359 
  0.00330347    0.0033639 
  0.00342742   0.00368228 
  0.00325874   0.00357293 
  0.00338763   0.00397113 
  0.00323903    0.0033939 
  0.00332081    0.0034176 
  0.00321213   0.00312081 
  0.00317078   0.00340603 
  0.00322844   0.00343993 
  0.00313131   0.00295626 
   0.0023516   0.00234173 
  0.00218231    0.0025031 
  0.00212309   0.00244226 
   0.0020956   0.00262617 
  0.00207596   0.00252073 
  0.00198531    0.0026438 
  0.00196817   0.00244487 
  0.00198674   0.00240049 
  0.00191882   0.00239997 
  0.00192782   0.00260904 
  0.00190399   0.00252146 
  0.00192139   0.00239758 
  0.00186206   0.00250988 
  0.00188958   0.00264332 
  0.00180999   0.00251023 
  0.00185858   0.00231175 
  0.00181011   0.00237235 
  0.00181471   0.00228518 
  0.00182099   0.00251142 
   0.0017804   0.00225217 
  0.00176883   0.00247602 
  0.00176917   0.00248052 
  0.00178101   0.00240674 
  0.00170725   0.00260577 
  0.00170891   0.00248147 
  0.00173242   0.00283232 
  0.00167902   0.00243565 
  0.00167494   0.00238798 
  0.00167163   0.00251517 
  0.00165121   0.00250579 
   0.0016854    0.0025694 
  0.00163843   0.00240259 
  0.00164242   0.00246328 
  0.00162491   0.00257663 
  0.00161833   0.00266678 
  0.00163125   0.00239547 
  0.00161553   0.00245995 
  0.00158951   0.00238888 
   0.0016291   0.00248127 
  0.00158084   0.00247714 
  0.00158222   0.00243963 
   0.0015688    0.0024038 
  0.00154485   0.00244349 
  0.00157366   0.00248063 
  0.00153199   0.00234939 
  0.00152863   0.00245422 
  0.00154116   0.00248276 
  0.00154903   0.00239049 
  0.00154459   0.00260233 
  0.00155273   0.00243589 
  0.00150786   0.00240764 
  0.00147935   0.00249804 
  0.00153806   0.00280228 
  0.00149308   0.00244601 
  0.00149913   0.00246182 
  0.00150689   0.00252748 
  0.00147036   0.00229301 
  0.00152335   0.00238669 
  0.00144887   0.00228613 
  0.00143951    0.0024234 
  0.00127657   0.00225451 
  0.00120955    0.0023832 
  0.00117474   0.00232368 
    0.001188     0.002323 
  0.00116458   0.00232043 
  0.00116793    0.0024424 
  0.00117837   0.00229441 
  0.00112343    0.0024217 
  0.00113684   0.00234951 
  0.00114284   0.00238136 
  0.00114414   0.00226495 
  0.00113337   0.00250779 
  0.00112104   0.00236716 
  0.00110459    0.0023783 
  0.00110401     0.002434 
  0.00109253   0.00242059 
  0.00109723   0.00244551 
  0.00109896   0.00243595 
  0.00109849   0.00238539 
  0.00110063   0.00240782 
  0.00109094   0.00246336 
  0.00105819   0.00256231 
  0.00108291   0.00245677 
  0.00107896   0.00243611 
  0.00107294   0.00240675 
   0.0010684   0.00238205 
  0.00106341   0.00238646 
  0.00105212   0.00241539 
   0.0010592   0.00243605 
   0.0010516   0.00255342 
   0.0010644   0.00244811 
  0.00105237   0.00244175 
  0.00105086   0.00242474 
  0.00103181   0.00252626 
  0.00104019   0.00243022 
  0.00101654   0.00248251 
   0.0010622   0.00248099 
  0.00102722   0.00247216 
  0.00104692   0.00252198 
   0.0010465   0.00255653 
   0.0009877    0.0025255 
 0.000980368   0.00241874 
  0.00101124   0.00243383 
 0.000975603   0.00244558 
  0.00097485   0.00242412 
 0.000976303   0.00252054 
 0.000967872   0.00240051 
 0.000980212   0.00244902 
 0.000993794   0.00246769 
 0.000956625   0.00241305 
 0.000995464   0.00251646 
 0.000977461   0.00254159 
 0.000949348   0.00246188 
 0.000973301   0.00248464 
 0.000948394   0.00250036 
 0.000979607   0.00252782 
 0.000973809   0.00246423 
 0.000958828    0.0024252 
  0.00097291   0.00251961 
 0.000961439   0.00244213 
 0.000951795   0.00249344 
 0.000936941   0.00244934 
 0.000945559   0.00257724 
 0.000980102   0.00247134 
 0.000962013   0.00243204 
 0.000944051   0.00252514 
 0.000952716   0.00256169 
 0.000957649   0.00249688 
 0.000953795   0.00248079 
 0.000954829   0.00255157 
 0.000929657   0.00252352 
 0.000942413   0.00248065 
 0.000987844    0.0025851 
 0.000958485   0.00244937 
 0.000936248   0.00251565 
 0.000944038   0.00265177 
  0.00096158   0.00254647 
 0.000949368   0.00247793 
 0.000935086   0.00252765 
 0.000962883   0.00246494 
