#      Train        Test
      0.4006        0.478 
     0.55744       0.5578 
     0.60764       0.6466 
      0.6398       0.6708 
     0.66474       0.6062 
     0.68448        0.725 
     0.70612       0.7217 
     0.71986       0.7438 
     0.72842       0.7446 
      0.7389       0.7292 
     0.74614       0.7538 
     0.75862        0.749 
     0.76586       0.7652 
     0.77352       0.8093 
     0.77532        0.797 
     0.78168       0.7878 
     0.78782       0.8029 
      0.7903       0.8257 
     0.79698       0.8094 
      0.7926       0.8303 
     0.80082       0.7886 
      0.8027       0.8384 
     0.80922       0.8225 
     0.80984       0.8337 
     0.81376       0.8292 
      0.8124        0.845 
     0.81668       0.8432 
     0.81978       0.8383 
      0.8231       0.8334 
     0.82482       0.8374 
      0.8277       0.8487 
     0.82878       0.8533 
     0.83322       0.8611 
     0.83406       0.8448 
     0.83344       0.8486 
     0.83786       0.8466 
     0.84088       0.8354 
     0.84132       0.8581 
     0.84134       0.8589 
     0.84518       0.8642 
     0.84898       0.8581 
     0.84712       0.8464 
     0.84948       0.8674 
     0.85076       0.8713 
     0.86038       0.8502 
     0.85888       0.8541 
      0.8586       0.8728 
     0.85996       0.8724 
     0.86204       0.8796 
     0.86666       0.8629 
      0.8702        0.881 
     0.87046       0.8701 
     0.87288       0.8725 
     0.87168       0.8733 
     0.87812       0.8838 
     0.88192       0.8833 
     0.88008       0.8853 
     0.88396       0.8898 
     0.88372       0.8785 
      0.8865       0.8919 
      0.8889       0.8919 
     0.89214       0.8901 
     0.89128       0.8933 
     0.89194       0.8935 
     0.88962       0.8936 
     0.89414       0.8855 
     0.89396       0.8973 
     0.89764       0.8982 
     0.89838       0.8922 
      0.8954       0.8951 
      0.8985       0.8891 
     0.89398       0.8932 
     0.89778       0.8948 
     0.89648       0.8901 
      0.8998       0.8944 
     0.89984       0.8942 
     0.89876       0.8923 
     0.89954       0.8972 
     0.90174       0.8947 
      0.9003       0.8994 
     0.90208       0.8948 
     0.89964       0.8982 
     0.90244       0.8982 
     0.90728       0.8953 
     0.90196       0.8992 
     0.90288       0.8987 
     0.90594       0.8962 
      0.9047        0.897 
     0.90388       0.8984 
     0.90512       0.8949 
     0.90454       0.8989 
      0.9031       0.8988 
      0.9056       0.8982 
      0.9035       0.9021 
      0.9052       0.9005 
     0.90538       0.8983 
     0.90752       0.9012 
      0.9093       0.8855 
     0.90432       0.9031 
     0.90636       0.9028 
     0.90894       0.8989 
     0.90654       0.8999 
     0.91142       0.8993 
     0.90644       0.8989 
     0.90624       0.9009 
     0.91024       0.8945 
     0.90968       0.8938 
     0.90646       0.8892 
     0.91168       0.8957 
      0.9084       0.9006 
     0.91096       0.9018 
      0.9119       0.9046 
     0.91314       0.8954 
      0.9109        0.903 
      0.9133       0.9001 
     0.91092        0.897 
      0.9123       0.9007 
     0.91132       0.9065 
     0.91418       0.9018 
     0.91342        0.898 
     0.91236       0.8997 
     0.91146       0.9015 
     0.91158       0.8964 
      0.9127       0.9026 
     0.91042       0.8984 
      0.9145       0.9013 
     0.91484       0.9047 
     0.91366       0.9007 
     0.91338       0.9016 
     0.91402       0.9003 
      0.9162       0.9038 
     0.91264       0.8964 
     0.91564       0.9028 
      0.9175        0.899 
     0.91586        0.888 
     0.91586          0.9 
     0.91754       0.9054 
      0.9168       0.9025 
     0.91638       0.8992 
      0.9158       0.9055 
     0.91546       0.9019 
     0.91916       0.9012 
     0.91588       0.9005 
     0.91858       0.8996 
     0.91846       0.9007 
     0.91578       0.8974 
     0.91862       0.9044 
     0.91862       0.9002 
     0.91614       0.8917 
     0.91938       0.9022 
     0.91912       0.8981 
     0.91878       0.9029 
     0.91782       0.9004 
     0.91978        0.902 
     0.92104       0.9041 
     0.92254       0.9029 
     0.92014       0.8971 
      0.9204          0.9 
     0.92052       0.9029 
     0.92056       0.9017 
     0.91904       0.8999 
      0.9206       0.8972 
     0.92002       0.8937 
     0.92052       0.8992 
     0.92054       0.9049 
     0.91958       0.9003 
     0.92342       0.9065 
     0.92044       0.9022 
     0.92016       0.8979 
      0.9203       0.8999 
     0.92534       0.9085 
     0.92302       0.9043 
     0.92038       0.9023 
     0.92118       0.9034 
     0.92578       0.9068 
      0.9239       0.9011 
     0.92488       0.8991 
      0.9258       0.9051 
     0.92544       0.9054 
      0.9254       0.9051 
     0.92436       0.8998 
      0.9231        0.904 
     0.92308       0.9083 
      0.9229       0.9008 
     0.92498       0.9086 
      0.9273       0.9097 
      0.9266        0.905 
     0.92504       0.9104 
     0.92754       0.9013 
     0.92556       0.9095 
      0.9244       0.9048 
     0.92614       0.9047 
     0.92578       0.9063 
      0.9255       0.9084 
     0.92618       0.9076 
     0.92808       0.9069 
      0.9244       0.9049 
     0.92422       0.9053 
      0.9295       0.8947 
     0.92392       0.9083 
     0.92802       0.9035 
     0.92822       0.9049 
      0.9288       0.9057 
      0.9297       0.9082 
     0.92816       0.9034 
     0.92696       0.9045 
     0.93008       0.9099 
     0.92868       0.9058 
     0.93198       0.9093 
      0.9306       0.9031 
     0.92828       0.9084 
     0.92878       0.9052 
     0.93108       0.9086 
     0.93156       0.9047 
     0.93174       0.9006 
     0.92918       0.9063 
      0.9303       0.9072 
     0.93056       0.9037 
     0.92994       0.9014 
     0.93116       0.9088 
     0.93366       0.9123 
     0.92962       0.9071 
     0.92984       0.9047 
     0.93244       0.9076 
      0.9304       0.9069 
     0.93152        0.902 
     0.93234       0.9029 
     0.93286       0.9049 
      0.9321       0.8995 
     0.93136        0.908 
      0.9349       0.9106 
     0.93446       0.9077 
      0.9325       0.9048 
     0.93524       0.9101 
      0.9344       0.9068 
     0.93506       0.9115 
     0.93444       0.9061 
     0.93368       0.9075 
     0.93284       0.9053 
      0.9353       0.9037 
     0.93322       0.9052 
     0.93596       0.9089 
     0.93474       0.9115 
     0.93436       0.9076 
     0.93386       0.9085 
     0.93486       0.9088 
     0.93536       0.9087 
     0.93598       0.9041 
      0.9356       0.9028 
     0.93538       0.9061 
     0.93582       0.9077 
     0.93368        0.904 
      0.9348       0.9068 
      0.9349       0.9011 
      0.9349       0.9038 
     0.93714       0.9081 
     0.93722        0.908 
     0.93616       0.9078 
     0.93742       0.9082 
     0.93724        0.905 
     0.93836       0.9063 
     0.93796       0.9131 
     0.93648       0.9075 
     0.93854       0.9082 
     0.93718       0.9054 
     0.93934       0.9051 
     0.93724       0.9084 
     0.93806       0.9048 
     0.93666       0.9063 
     0.93692       0.9033 
     0.93776       0.9057 
      0.9376       0.9112 
     0.93822       0.9134 
     0.93756       0.9051 
     0.93884         0.91 
      0.9424       0.9047 
     0.94074       0.9116 
     0.94152       0.9055 
     0.94142       0.9071 
     0.94126       0.9074 
     0.94218       0.9087 
     0.94162       0.9141 
     0.94192       0.9113 
     0.94094       0.9108 
     0.94222       0.9042 
     0.94088        0.908 
      0.9421        0.911 
     0.94136       0.9102 
     0.94178       0.9076 
     0.94312       0.9122 
     0.94158       0.9082 
     0.94118       0.9087 
     0.94188       0.9067 
     0.94156       0.9107 
     0.94242        0.906 
     0.94252       0.9123 
     0.94268       0.9099 
     0.94294       0.9123 
     0.94294        0.909 
     0.94294       0.9055 
     0.94352       0.9087 
     0.94472       0.9119 
      0.9427       0.9008 
      0.9457       0.9101 
     0.94272       0.9059 
      0.9435       0.9037 
     0.94508       0.9111 
     0.94508       0.9093 
      0.9432       0.9052 
     0.94534       0.9037 
      0.9448       0.9121 
      0.9458       0.9117 
     0.94568         0.91 
     0.94408       0.9083 
     0.94476       0.9051 
     0.94746       0.9128 
     0.94626       0.9068 
     0.94532       0.9082 
     0.94656       0.9081 
     0.94698       0.9073 
     0.94474       0.9068 
     0.94552       0.9052 
     0.94686       0.9076 
     0.94616       0.9114 
     0.94504       0.9078 
     0.94742       0.9143 
     0.94706       0.9114 
     0.94758       0.9079 
     0.94648       0.9106 
     0.94792        0.906 
     0.94712        0.912 
     0.94886       0.9075 
       0.946       0.9101 
     0.94826       0.9084 
     0.94918        0.907 
      0.9488        0.907 
      0.9481       0.9099 
     0.94764       0.9127 
     0.94834       0.9098 
     0.94974       0.9118 
      0.9488       0.9067 
     0.95034       0.9129 
     0.94978       0.9067 
     0.94942       0.9095 
      0.9508         0.91 
      0.9504       0.9084 
      0.9499       0.9092 
     0.94966       0.9074 
      0.9495        0.903 
      0.9509       0.9072 
     0.94818       0.9088 
     0.95046       0.9101 
     0.95134       0.9098 
     0.94978       0.9088 
     0.94836       0.9106 
     0.94936        0.911 
     0.95108       0.9115 
      0.9511       0.9113 
     0.95268       0.9142 
     0.94968       0.9096 
     0.95108       0.9142 
     0.95174       0.9112 
      0.9508       0.9123 
     0.95108       0.9101 
     0.95216        0.914 
     0.95026       0.9095 
     0.95084       0.9087 
      0.9525       0.9126 
     0.95238       0.9089 
     0.95134       0.9121 
      0.9528       0.9104 
     0.95316       0.9083 
       0.951       0.9109 
     0.95234       0.9113 
     0.95268       0.9106 
     0.95128       0.9051 
     0.95072       0.9103 
     0.95164       0.9134 
     0.95392       0.9094 
     0.95192       0.9097 
     0.95066       0.9093 
     0.95408       0.9123 
     0.95342       0.9108 
     0.95388       0.9076 
     0.95256       0.9077 
     0.95226       0.9047 
     0.95464       0.9061 
     0.95276       0.9134 
     0.95196       0.9096 
      0.9555       0.9109 
     0.95414       0.9114 
     0.95362       0.9116 
     0.95294        0.907 
     0.95502       0.9115 
     0.95406       0.9064 
     0.95188        0.914 
     0.95456       0.9082 
     0.95532       0.9122 
     0.95286       0.9137 
     0.95464       0.9109 
      0.9533       0.9095 
     0.95568       0.9086 
     0.95694       0.9083 
      0.9562       0.9108 
      0.9545       0.9078 
     0.95592        0.913 
     0.95596       0.9037 
     0.95558       0.9074 
     0.95492        0.909 
     0.95626       0.9054 
     0.95672       0.9118 
     0.95754       0.9096 
     0.95572       0.9137 
      0.9564       0.9106 
     0.95592       0.9128 
     0.95626       0.9136 
     0.95542       0.9117 
     0.95588       0.9104 
     0.95714       0.9104 
     0.95688        0.908 
       0.957         0.91 
     0.95724       0.9107 
     0.95782       0.9153 
      0.9547       0.9097 
     0.95876       0.9131 
      0.9556        0.911 
     0.95756       0.9102 
     0.95788       0.9108 
     0.95766       0.9103 
     0.95884       0.9124 
     0.95782       0.9131 
     0.95838       0.9113 
     0.95798       0.9109 
     0.95822       0.9113 
      0.9575       0.9099 
     0.95714       0.9132 
      0.9563       0.9113 
     0.95682       0.9119 
     0.95906       0.9109 
     0.95764       0.9098 
     0.95632        0.905 
     0.95858       0.9136 
     0.95924       0.9047 
     0.95848        0.911 
     0.95632       0.9102 
       0.957        0.913 
     0.95684       0.9072 
     0.95812       0.9136 
     0.95814       0.9127 
     0.95838       0.9138 
     0.95672         0.91 
     0.95842         0.91 
     0.95958       0.9105 
     0.95896       0.9134 
     0.95868       0.9079 
     0.95906       0.9116 
     0.95942       0.9126 
     0.95834       0.9108 
     0.95944       0.9146 
     0.95928       0.9093 
     0.96074       0.9129 
     0.95978        0.908 
     0.95958       0.9121 
     0.96118       0.9113 
     0.95754       0.9112 
     0.95992       0.9141 
     0.96122       0.9109 
     0.95794       0.9124 
      0.9606       0.9121 
     0.96078       0.9156 
     0.95968       0.9146 
     0.96002       0.9135 
      0.9604       0.9107 
     0.96128       0.9094 
      0.9599       0.9095 
     0.96064       0.9161 
     0.96062       0.9148 
     0.95944       0.9146 
     0.96084       0.9138 
     0.96074        0.914 
     0.96002       0.9083 
      0.9606       0.9115 
     0.96084       0.9145 
     0.96178       0.9097 
     0.96048       0.9126 
      0.9617       0.9098 
     0.96072       0.9133 
     0.95986        0.911 
     0.96194       0.9065 
     0.96034        0.914 
     0.96192       0.9132 
     0.96158       0.9114 
     0.96254       0.9166 
      0.9604       0.9128 
     0.96212       0.9093 
       0.961       0.9121 
     0.96036       0.9121 
     0.96094        0.912 
      0.9611        0.914 
     0.96102       0.9098 
