#      Train        Test
   0.0138263    0.0225643 
   0.0111354    0.0115301 
  0.00995432    0.0155914 
   0.0090593   0.00989938 
  0.00839287   0.00846416 
    0.007884   0.00930577 
  0.00746377    0.0092048 
  0.00715699   0.00693923 
  0.00677132   0.00654894 
  0.00665421   0.00727014 
  0.00648842   0.00949273 
  0.00630298   0.00629973 
  0.00617066   0.00664558 
  0.00594126   0.00590174 
  0.00599701   0.00701419 
  0.00552803   0.00758034 
   0.0054453   0.00642445 
  0.00542772    0.0056967 
  0.00533784    0.0049404 
  0.00527678   0.00531307 
  0.00508792   0.00508366 
  0.00488654   0.00468465 
  0.00495002   0.00690109 
  0.00470321   0.00870929 
  0.00468732   0.00493056 
  0.00470713   0.00425692 
  0.00462355   0.00730763 
  0.00451354   0.00551033 
  0.00452975    0.0082197 
  0.00433131   0.00449221 
  0.00431648   0.00440415 
  0.00429074   0.00447351 
  0.00428055   0.00612742 
  0.00414467   0.00716291 
  0.00421315   0.00428351 
  0.00400646   0.00480757 
  0.00408154   0.00387843 
  0.00380547   0.00480048 
  0.00398676   0.00422407 
  0.00383337   0.00386347 
  0.00390547   0.00485377 
  0.00391411    0.0059182 
  0.00373163   0.00412439 
  0.00358379   0.00396092 
  0.00381214   0.00396388 
  0.00367687   0.00380693 
  0.00361308   0.00390843 
   0.0036439   0.00401008 
  0.00359164   0.00449789 
  0.00354591   0.00362342 
  0.00341685   0.00488919 
  0.00342894   0.00440331 
  0.00342613    0.0038326 
  0.00359831   0.00371213 
  0.00341391   0.00382744 
  0.00344013   0.00425396 
  0.00338569   0.00334624 
  0.00339917   0.00354677 
  0.00341143   0.00390777 
  0.00322671    0.0036787 
  0.00242529   0.00267271 
   0.0022604   0.00262353 
  0.00218708    0.0027214 
  0.00216803   0.00255679 
  0.00214235   0.00261141 
  0.00211345   0.00243029 
  0.00206098   0.00239354 
  0.00204296   0.00247639 
  0.00205264   0.00241854 
  0.00203054   0.00245297 
  0.00195501   0.00245377 
  0.00192572   0.00254188 
  0.00190819   0.00243913 
  0.00195647   0.00253152 
  0.00191486   0.00238069 
  0.00185871    0.0025661 
  0.00186734   0.00265945 
  0.00181409   0.00252864 
  0.00183537   0.00254325 
  0.00183872   0.00256229 
  0.00183596   0.00252127 
  0.00182949   0.00241625 
  0.00177822   0.00253523 
  0.00179838   0.00252343 
  0.00176942   0.00246663 
  0.00175675   0.00248691 
  0.00176777   0.00252047 
  0.00173657   0.00243668 
   0.0017452   0.00259568 
  0.00170309   0.00255852 
  0.00165955   0.00240201 
  0.00170444   0.00271483 
  0.00170581   0.00246413 
  0.00169937   0.00244893 
  0.00168781   0.00262976 
  0.00164755   0.00257968 
  0.00169014   0.00246769 
  0.00161773   0.00265698 
  0.00166511   0.00241891 
  0.00161643   0.00247147 
  0.00161069   0.00242066 
  0.00164751     0.002394 
  0.00159047   0.00256995 
   0.0015883   0.00248785 
   0.0015915   0.00248317 
  0.00161312   0.00254162 
  0.00161569   0.00258728 
   0.0015852    0.0025511 
  0.00155363   0.00237511 
  0.00156641   0.00241429 
  0.00154999   0.00266917 
  0.00151705   0.00257432 
  0.00155447   0.00269525 
  0.00153264   0.00261137 
  0.00152675   0.00266495 
  0.00152146   0.00265572 
  0.00151785   0.00258509 
  0.00149386   0.00253097 
  0.00150786   0.00263651 
  0.00148093   0.00250526 
  0.00129054   0.00240138 
   0.0012321   0.00236652 
  0.00121806   0.00241248 
  0.00122136   0.00242285 
  0.00118392   0.00240346 
  0.00118134   0.00241779 
  0.00116347   0.00235277 
  0.00117513    0.0024612 
  0.00115787   0.00240909 
  0.00116544   0.00245113 
  0.00112893   0.00241435 
  0.00113023   0.00249955 
  0.00114601   0.00240295 
  0.00113025   0.00240544 
  0.00113496   0.00240092 
   0.0011504   0.00251649 
  0.00109576   0.00250696 
  0.00112995      0.00241 
  0.00112147   0.00253557 
   0.0011346   0.00249701 
  0.00110513    0.0025762 
  0.00110341   0.00246658 
  0.00111171   0.00263632 
   0.0010976   0.00252793 
  0.00110332   0.00248804 
  0.00109375   0.00255047 
  0.00109316   0.00243158 
  0.00108652   0.00251542 
  0.00109164   0.00250565 
  0.00110051   0.00250455 
  0.00109148   0.00254875 
  0.00107045   0.00262096 
  0.00107121   0.00257436 
   0.0010871   0.00263583 
  0.00107887   0.00253031 
  0.00107925    0.0025028 
  0.00108438   0.00242337 
  0.00108623   0.00242626 
  0.00106515   0.00250492 
  0.00103707   0.00248626 
  0.00103584   0.00256328 
  0.00101775   0.00246962 
 0.000983201   0.00255341 
  0.00101116   0.00241555 
  0.00102621   0.00249141 
 0.000999925   0.00250935 
  0.00100118   0.00252854 
  0.00100748   0.00251588 
 0.000982531   0.00240314 
 0.000989734   0.00248056 
 0.000962396   0.00245158 
 0.000996438   0.00253312 
 0.000982385   0.00254294 
 0.000982671   0.00249204 
 0.000980642   0.00248577 
 0.000975011   0.00259061 
 0.000958843   0.00253028 
 0.000975424   0.00247865 
 0.000990296   0.00251629 
 0.000994553   0.00250212 
 0.000960491     0.002556 
 0.000962965   0.00256002 
 0.000964767   0.00250381 
 0.000963593   0.00252876 
 0.000998947   0.00250237 
 0.000967134   0.00245383 
  0.00098084   0.00261968 
 0.000974862   0.00249962 
 0.000976187   0.00256002 
 0.000966603   0.00246221 
 0.000979537   0.00261293 
 0.000951227   0.00248607 
 0.000954035   0.00263384 
 0.000966984   0.00248958 
 0.000956363    0.0025141 
 0.000955584   0.00250853 
 0.000968511    0.0024823 
 0.000946112   0.00252728 
 0.000974213   0.00244246 
 0.000966605    0.0025338 
