#      Train        Test
   0.0114932    0.0104198 
  0.00887957   0.00860906 
   0.0079694   0.00766066 
  0.00732393   0.00749379 
  0.00685081    0.0075025 
  0.00649147   0.00724231 
  0.00617898   0.00682483 
  0.00595895   0.00678681 
  0.00576163   0.00521091 
  0.00563177   0.00707122 
  0.00551638   0.00488521 
  0.00540216   0.00822805 
  0.00526197    0.0061993 
  0.00519157   0.00519506 
  0.00514231   0.00647828 
  0.00506716   0.00655449 
  0.00503178   0.00602988 
  0.00496774    0.0068072 
  0.00488823   0.00465408 
  0.00487014   0.00441908 
  0.00475736    0.0048721 
  0.00481973    0.0048834 
  0.00476014   0.00541524 
  0.00474755   0.00528796 
  0.00464311   0.00417023 
  0.00463379   0.00411088 
  0.00461804   0.00386185 
  0.00464569   0.00449569 
  0.00460326   0.00395958 
  0.00455251   0.00473117 
  0.00456864   0.00510882 
  0.00458512   0.00499064 
  0.00450508   0.00486586 
  0.00449571   0.00404977 
  0.00451382   0.00394643 
  0.00444639   0.00411965 
  0.00452032   0.00418511 
  0.00440445   0.00448559 
  0.00446462   0.00459163 
  0.00437955   0.00538098 
  0.00441494   0.00531096 
  0.00437375   0.00485774 
   0.0043603   0.00425963 
  0.00432539   0.00458116 
  0.00432269   0.00485834 
  0.00434374    0.0048036 
  0.00432722   0.00515133 
  0.00432161   0.00436683 
  0.00428061   0.00412482 
  0.00426931   0.00568505 
  0.00425774   0.00445292 
  0.00426496   0.00415833 
  0.00425135   0.00355115 
  0.00423736   0.00406119 
  0.00425484   0.00490148 
  0.00422132   0.00391786 
  0.00423946   0.00433892 
  0.00419748   0.00479955 
  0.00418374   0.00421404 
  0.00418787   0.00500679 
  0.00325148   0.00273652 
  0.00298092   0.00279238 
  0.00290485   0.00274893 
  0.00284332   0.00252684 
  0.00277083   0.00256013 
   0.0027534   0.00246712 
  0.00270742   0.00251337 
  0.00266143   0.00259895 
  0.00263612   0.00279024 
     0.00262   0.00242905 
  0.00255201   0.00245947 
  0.00254469    0.0025016 
  0.00251469   0.00242706 
  0.00254399   0.00259278 
   0.0025004   0.00237106 
  0.00245206   0.00254494 
  0.00245112   0.00235399 
  0.00245063   0.00255263 
  0.00242009   0.00246199 
  0.00240008   0.00237978 
  0.00241783   0.00236857 
  0.00238975   0.00240326 
  0.00238511   0.00244829 
  0.00238014   0.00240396 
  0.00235661   0.00244922 
  0.00235438   0.00258272 
  0.00235555   0.00266455 
  0.00232619   0.00245373 
  0.00231016   0.00243975 
  0.00227847   0.00250515 
  0.00228006   0.00254443 
  0.00228543   0.00246716 
   0.0022852   0.00225989 
  0.00225464   0.00266041 
  0.00226518   0.00247752 
  0.00222596   0.00248545 
  0.00223893    0.0025851 
  0.00221064   0.00249919 
  0.00220146   0.00236467 
  0.00219552    0.0026328 
  0.00217104   0.00231254 
  0.00215839   0.00240473 
  0.00219848   0.00256705 
  0.00217208   0.00225882 
  0.00220612   0.00227531 
  0.00213991   0.00263115 
  0.00215781   0.00223618 
  0.00213621   0.00240008 
  0.00215849   0.00238218 
  0.00216026    0.0025102 
  0.00211363   0.00231672 
  0.00212422   0.00228839 
  0.00212054   0.00237116 
  0.00215349   0.00221266 
  0.00213162   0.00246525 
  0.00210672      0.00271 
   0.0021172   0.00227143 
  0.00207868   0.00257991 
  0.00209775   0.00233754 
  0.00208133   0.00216069 
  0.00170688   0.00201724 
  0.00156577   0.00190507 
  0.00153814   0.00193062 
  0.00150625   0.00201212 
   0.0014551    0.0019512 
  0.00149523   0.00203598 
  0.00144398   0.00189815 
  0.00141077   0.00194739 
  0.00139365   0.00193804 
  0.00139512   0.00197254 
  0.00139858   0.00192675 
  0.00138342   0.00198319 
  0.00137298   0.00188494 
  0.00136516   0.00195535 
   0.0013463   0.00197525 
  0.00134628   0.00194926 
  0.00131572   0.00201429 
  0.00130375   0.00194135 
  0.00132389   0.00196086 
  0.00131921    0.0019443 
  0.00129639   0.00194362 
  0.00131042    0.0021148 
  0.00130426   0.00192047 
  0.00127716   0.00194765 
  0.00127253   0.00194786 
   0.0012686   0.00200045 
  0.00128338   0.00195309 
   0.0012603   0.00200372 
  0.00127081   0.00196074 
     0.00127   0.00196371 
  0.00122979   0.00202801 
  0.00122088   0.00203373 
  0.00121264   0.00206747 
   0.0012252   0.00217772 
  0.00121901   0.00201501 
   0.0012166   0.00202027 
  0.00122115   0.00194957 
  0.00119166   0.00207618 
  0.00120123   0.00190852 
  0.00120201   0.00198666 
   0.0010998   0.00199659 
  0.00107966    0.0019009 
  0.00105063   0.00196559 
  0.00107678   0.00192152 
  0.00106702   0.00192156 
  0.00104903   0.00189831 
  0.00105082   0.00191537 
  0.00104182   0.00194295 
  0.00103059   0.00186305 
  0.00103721   0.00187817 
  0.00101831   0.00191143 
  0.00102236   0.00188191 
  0.00104991   0.00190897 
  0.00102623   0.00190782 
  0.00102914   0.00193731 
  0.00102213   0.00196495 
  0.00102592   0.00194675 
  0.00100056   0.00191291 
  0.00102636   0.00188998 
  0.00102616   0.00191737 
  0.00100361   0.00188818 
 0.000999067   0.00195884 
  0.00100335   0.00192774 
 0.000992579   0.00194146 
 0.000993409   0.00188442 
  0.00100006    0.0019078 
 0.000990294   0.00194205 
 0.000990876   0.00192271 
  0.00101665   0.00193455 
  0.00099533   0.00191742 
 0.000994849   0.00196684 
 0.000969723   0.00190748 
 0.000972617    0.0020105 
 0.000972733   0.00191771 
 0.000970998   0.00189248 
 0.000989007   0.00191177 
  0.00096499   0.00185874 
 0.000966019   0.00189778 
 0.000962456   0.00187902 
 0.000971546   0.00190057 
