#      Train        Test
   0.0140796    0.0119425 
   0.0115529    0.0162052 
   0.0102543    0.0110506 
  0.00930822   0.00964582 
  0.00869003    0.0108589 
   0.0080458   0.00786374 
  0.00757717    0.0101586 
  0.00725532     0.007117 
  0.00688718   0.00645555 
   0.0066062   0.00663907 
  0.00634992   0.00653356 
  0.00623364   0.00653447 
   0.0059957   0.00674986 
  0.00579549   0.00653641 
  0.00574775   0.00601198 
  0.00570288   0.00898948 
  0.00548514   0.00496976 
  0.00531319   0.00577727 
  0.00521202   0.00506877 
  0.00516626   0.00604234 
  0.00514777   0.00613378 
  0.00493155   0.00560186 
  0.00485192   0.00522694 
  0.00470364   0.00523002 
  0.00456546   0.00505949 
  0.00462822   0.00433471 
  0.00450304   0.00543901 
  0.00447391   0.00412255 
  0.00457144    0.0045118 
   0.0044061   0.00563225 
  0.00432113   0.00453662 
  0.00413986   0.00553896 
  0.00426694   0.00427541 
   0.0041397    0.0048926 
  0.00402585   0.00395458 
   0.0040763   0.00380051 
  0.00401363   0.00407497 
   0.0040509   0.00395838 
  0.00400633   0.00444816 
  0.00382236   0.00421946 
  0.00381039   0.00340993 
  0.00368306   0.00372389 
  0.00392145   0.00410181 
  0.00366399   0.00465665 
  0.00359905   0.00465395 
  0.00375833   0.00349443 
  0.00356904   0.00350726 
  0.00357214   0.00473468 
  0.00366797   0.00390463 
  0.00339566   0.00320493 
  0.00343508   0.00316336 
  0.00348677   0.00375942 
  0.00352285   0.00329752 
  0.00337156   0.00318377 
  0.00331908   0.00339348 
  0.00341848   0.00341877 
  0.00323986   0.00307387 
  0.00341027   0.00342453 
  0.00331326   0.00443998 
  0.00339131   0.00354906 
  0.00240149   0.00259262 
  0.00221788   0.00251455 
  0.00217596   0.00251129 
  0.00213215    0.0026047 
  0.00209985   0.00260838 
  0.00207663   0.00259633 
  0.00200864   0.00252564 
  0.00201186   0.00234749 
  0.00203167   0.00254563 
   0.0019521   0.00245524 
  0.00193992   0.00233659 
  0.00191066   0.00247525 
  0.00192748   0.00238773 
  0.00186259   0.00246693 
  0.00187051   0.00264023 
  0.00185903   0.00248178 
  0.00184382   0.00241436 
  0.00182888   0.00231903 
  0.00184866   0.00255294 
  0.00178025   0.00260537 
  0.00179226   0.00243307 
  0.00179005    0.0024276 
  0.00178244    0.0024223 
  0.00171831   0.00265689 
  0.00176732   0.00235567 
  0.00174985   0.00228503 
  0.00170241   0.00235777 
  0.00173719   0.00263877 
  0.00172465   0.00247568 
  0.00169507   0.00240562 
  0.00167867   0.00262319 
  0.00167428   0.00234101 
  0.00167599   0.00250386 
  0.00166441   0.00243743 
  0.00163609   0.00244771 
  0.00164596   0.00237032 
   0.0016202   0.00243317 
  0.00164909     0.002513 
  0.00163042   0.00257822 
  0.00162037   0.00252698 
  0.00164053   0.00262132 
  0.00160287   0.00247475 
  0.00157534   0.00238831 
  0.00160717   0.00283336 
  0.00155548    0.0025624 
  0.00158787    0.0025302 
  0.00153757   0.00260525 
  0.00157549   0.00243521 
  0.00153471   0.00236332 
  0.00154916   0.00257432 
  0.00153035   0.00256317 
  0.00150118   0.00259215 
  0.00151594   0.00263123 
  0.00151308   0.00255847 
  0.00149384   0.00253046 
  0.00152713   0.00246413 
  0.00150973   0.00248048 
  0.00147686   0.00279138 
  0.00148322   0.00241978 
  0.00147909    0.0027732 
  0.00128395   0.00245612 
  0.00122283   0.00241996 
  0.00121447   0.00241578 
  0.00119626   0.00237077 
  0.00117447   0.00252585 
  0.00117697   0.00247348 
  0.00117365   0.00245105 
  0.00116207   0.00253975 
  0.00113394   0.00242319 
  0.00114676   0.00247587 
  0.00113273   0.00244167 
  0.00111169   0.00246983 
  0.00111227   0.00243289 
  0.00113859   0.00238603 
  0.00111454   0.00244124 
  0.00112765   0.00244476 
  0.00111786   0.00244641 
  0.00110367   0.00238511 
  0.00109388   0.00246361 
  0.00109976   0.00250566 
  0.00108917   0.00250455 
  0.00110201   0.00244874 
  0.00109737   0.00248067 
   0.0011063   0.00238632 
  0.00108326   0.00243603 
   0.0010935   0.00251336 
  0.00107296    0.0024159 
  0.00106827   0.00253068 
  0.00109012   0.00250345 
  0.00107066   0.00243855 
  0.00107346   0.00252416 
  0.00105969   0.00248539 
  0.00106608   0.00257077 
  0.00105222   0.00256002 
  0.00105898   0.00262578 
   0.0010737    0.0026389 
   0.0010438   0.00257766 
  0.00104826   0.00255839 
  0.00105578   0.00240383 
  0.00103953   0.00253646 
  0.00101187   0.00256385 
  0.00101306   0.00247771 
  0.00099012   0.00257415 
 0.000994733   0.00246884 
 0.000945995   0.00250688 
 0.000975916   0.00251391 
 0.000977804   0.00254025 
 0.000984993   0.00251848 
 0.000993023   0.00253669 
 0.000979531    0.0025405 
 0.000980835   0.00253938 
 0.000960759   0.00251286 
 0.000980963   0.00254891 
 0.000988621   0.00259306 
 0.000978777   0.00263362 
 0.000976183   0.00252302 
 0.000993358   0.00247112 
 0.000961064   0.00254171 
 0.000964716   0.00262128 
 0.000968155   0.00257541 
 0.000961696   0.00255512 
 0.000972606   0.00253681 
 0.000932549   0.00249168 
 0.000959841   0.00253181 
 0.000937797    0.0026023 
 0.000966647    0.0025168 
 0.000955558   0.00257129 
 0.000989782   0.00248827 
  0.00094517   0.00248013 
 0.000943253   0.00255814 
 0.000970302    0.0025445 
  0.00094429   0.00259072 
 0.000963324   0.00247642 
 0.000952166   0.00252012 
 0.000967498   0.00258493 
 0.000965356   0.00252931 
 0.000912229   0.00255167 
 0.000934789    0.0026106 
  0.00094944   0.00260694 
 0.000965925   0.00258616 
