#      Train        Test
   0.0115608   0.00996201 
   0.0088791    0.0107916 
  0.00799241   0.00848172 
  0.00729166   0.00831448 
  0.00682434   0.00972384 
  0.00647884   0.00874799 
  0.00623075   0.00549869 
  0.00595041    0.0068609 
   0.0058389   0.00641264 
  0.00565569   0.00606323 
  0.00553047   0.00562644 
  0.00541325   0.00707262 
  0.00534692   0.00578034 
  0.00521386   0.00583348 
  0.00516814   0.00536541 
  0.00511722   0.00571441 
  0.00503153   0.00473445 
  0.00498544   0.00492103 
  0.00496333   0.00513489 
  0.00491269   0.00501849 
  0.00487663   0.00546088 
  0.00487328   0.00524864 
  0.00476781   0.00563996 
  0.00477162   0.00619928 
  0.00473969   0.00524503 
  0.00470005   0.00520597 
  0.00469803   0.00490074 
  0.00461278   0.00463594 
  0.00462246   0.00458811 
  0.00463722   0.00510612 
   0.0045802    0.0043237 
  0.00458105   0.00395156 
   0.0045758   0.00436119 
  0.00452336   0.00508304 
  0.00451096    0.0046005 
  0.00447444   0.00513435 
  0.00449344   0.00458048 
  0.00442472   0.00497237 
  0.00444197   0.00432932 
  0.00439774   0.00455062 
  0.00442727   0.00431021 
   0.0044104    0.0048362 
   0.0043627   0.00479452 
  0.00436619   0.00461748 
  0.00431277   0.00415197 
  0.00433741   0.00447587 
  0.00430321   0.00402628 
  0.00432006   0.00404219 
  0.00429653   0.00581472 
  0.00430031   0.00445431 
  0.00423738   0.00407929 
  0.00429596   0.00593398 
  0.00422901   0.00458665 
  0.00427498   0.00397929 
  0.00425229   0.00545992 
   0.0041877   0.00449307 
  0.00422382   0.00435906 
  0.00418583   0.00366464 
  0.00420704   0.00431862 
  0.00414191   0.00444022 
  0.00319925    0.0026977 
  0.00295712   0.00287498 
  0.00288651   0.00276997 
  0.00282479   0.00274396 
   0.0027801   0.00268125 
  0.00269359   0.00281948 
  0.00268384   0.00270678 
  0.00266591    0.0025467 
  0.00261016   0.00256262 
  0.00258157    0.0025012 
  0.00257357   0.00282911 
  0.00259283    0.0026124 
  0.00254289   0.00274539 
  0.00250875   0.00270133 
  0.00246496   0.00251825 
  0.00249044   0.00244175 
  0.00246055   0.00259971 
  0.00245303   0.00269176 
  0.00240634   0.00263403 
  0.00239787   0.00235002 
  0.00238304   0.00259647 
  0.00244007   0.00256842 
  0.00237272   0.00235663 
   0.0023645   0.00250218 
  0.00236085   0.00262256 
  0.00236261   0.00239294 
  0.00231563   0.00252626 
  0.00230255   0.00245926 
  0.00227794   0.00239716 
  0.00231071   0.00230042 
  0.00230118   0.00240794 
  0.00229351   0.00253678 
  0.00222955   0.00253615 
  0.00224074   0.00258377 
  0.00223402   0.00265954 
  0.00224992   0.00244458 
  0.00224168   0.00241308 
  0.00222082   0.00263057 
  0.00223149   0.00257284 
  0.00220636   0.00238169 
  0.00217581   0.00252207 
  0.00221676   0.00236243 
  0.00219151   0.00244553 
  0.00220345   0.00255468 
  0.00213995    0.0024123 
  0.00217801   0.00227901 
  0.00214765   0.00250795 
  0.00214742   0.00231753 
  0.00217245   0.00242249 
  0.00212917   0.00248389 
  0.00214333   0.00232427 
  0.00212163   0.00243946 
  0.00212188   0.00255344 
  0.00212573   0.00264257 
  0.00212227   0.00242514 
  0.00209964   0.00243875 
   0.0021076   0.00244817 
  0.00209907   0.00256899 
  0.00203705   0.00243989 
  0.00210065   0.00241597 
  0.00169133    0.0020948 
   0.0015948   0.00220204 
  0.00157214   0.00210275 
  0.00154984   0.00201276 
  0.00151361   0.00202153 
  0.00149259   0.00208545 
  0.00146633   0.00202756 
  0.00144855   0.00208256 
  0.00142646   0.00205751 
  0.00144485   0.00205877 
  0.00138213   0.00198909 
  0.00139405   0.00209103 
  0.00136424   0.00203003 
  0.00137534   0.00201404 
  0.00135999   0.00201955 
  0.00134079   0.00204928 
  0.00135559   0.00204571 
  0.00132839   0.00208372 
   0.0013335   0.00207833 
  0.00132573   0.00203545 
  0.00131739   0.00209053 
  0.00128499   0.00208429 
   0.0013183   0.00207909 
  0.00127795   0.00210286 
   0.0012864   0.00202595 
  0.00129354   0.00209295 
  0.00128063   0.00209499 
  0.00127247   0.00202705 
  0.00126567    0.0020211 
  0.00127435   0.00203976 
  0.00125206   0.00203529 
  0.00124926   0.00204095 
  0.00127004   0.00214051 
   0.0012233   0.00206909 
  0.00124239   0.00207837 
  0.00119947   0.00209541 
  0.00122165   0.00199823 
   0.0012162   0.00205501 
  0.00119621   0.00209011 
  0.00118276   0.00209787 
  0.00111735    0.0020644 
  0.00111051   0.00197689 
  0.00111343   0.00197088 
  0.00107138   0.00197924 
  0.00107679   0.00200822 
  0.00107478   0.00204333 
   0.0010794   0.00199654 
  0.00106279   0.00197425 
  0.00105115   0.00199909 
   0.0010518   0.00194687 
   0.0010614   0.00207443 
   0.0010545   0.00200089 
  0.00105594    0.0019984 
  0.00105866   0.00198688 
  0.00102471   0.00201431 
  0.00103941   0.00199665 
  0.00103951   0.00200535 
  0.00103647   0.00195142 
   0.0010238   0.00200676 
  0.00102698   0.00199027 
  0.00101437   0.00196453 
  0.00101354   0.00199353 
  0.00101046   0.00200162 
  0.00102033   0.00202031 
  0.00102006   0.00195046 
  0.00101122   0.00195741 
  0.00101247   0.00200762 
  0.00101004   0.00196323 
 0.000996357   0.00200545 
   0.0010147   0.00203355 
  0.00100248   0.00205092 
  0.00100927   0.00198894 
 0.000982755   0.00203917 
  0.00100495    0.0019585 
 0.000999542   0.00201124 
   0.0010024   0.00208825 
 0.000996692   0.00203225 
 0.000970514   0.00197118 
 0.000986584   0.00202122 
  0.00100632   0.00197379 
