#      Train        Test
   0.0125754    0.0115554 
  0.00908616    0.0131131 
  0.00790425   0.00978114 
  0.00716195   0.00685093 
  0.00648517   0.00684887 
  0.00595681   0.00631895 
  0.00561966   0.00563047 
  0.00525344   0.00533452 
  0.00510672   0.00490662 
  0.00484467   0.00437918 
  0.00467918   0.00459443 
  0.00453527   0.00430987 
  0.00438652   0.00429849 
  0.00426323   0.00390916 
  0.00414215   0.00416632 
  0.00401177   0.00377959 
  0.00396514   0.00435688 
  0.00381482   0.00395094 
  0.00370152   0.00372869 
  0.00363471   0.00349973 
  0.00356653   0.00378473 
  0.00350462   0.00395948 
  0.00345338   0.00401659 
  0.00338085   0.00370222 
  0.00329785   0.00347074 
  0.00322834    0.0039013 
  0.00319618   0.00320827 
  0.00315478   0.00305555 
  0.00311366   0.00307631 
  0.00302145   0.00330097 
  0.00301274   0.00324042 
  0.00293102   0.00325373 
   0.0029056   0.00328446 
  0.00284888    0.0030727 
  0.00279586   0.00291661 
  0.00281383   0.00303758 
  0.00275795   0.00299714 
  0.00271858    0.0027885 
   0.0026858   0.00311057 
   0.0026606   0.00292065 
  0.00263847   0.00323788 
  0.00257918    0.0028574 
  0.00254871   0.00268143 
  0.00253787   0.00278422 
  0.00249448   0.00289396 
  0.00241464   0.00289976 
  0.00241986   0.00281188 
  0.00244005   0.00283163 
   0.0023403   0.00268415 
  0.00236263   0.00272629 
   0.0022998   0.00295149 
  0.00230715   0.00260352 
  0.00229601   0.00268504 
  0.00223262    0.0029818 
  0.00222104   0.00276018 
  0.00225153   0.00268508 
  0.00219253   0.00288422 
  0.00216657    0.0025721 
  0.00214386   0.00274934 
  0.00214302   0.00262862 
  0.00171045   0.00223138 
  0.00161252    0.0023079 
  0.00158099   0.00219564 
  0.00155718   0.00218551 
   0.0015366   0.00221823 
  0.00153315   0.00216677 
  0.00146862   0.00216723 
   0.0014582   0.00229554 
  0.00146453   0.00222062 
  0.00145112   0.00235594 
  0.00143537   0.00223698 
  0.00141719   0.00223327 
   0.0013887   0.00230809 
  0.00141429   0.00225237 
  0.00138752   0.00242506 
  0.00138625   0.00218921 
  0.00135719   0.00223671 
  0.00137277   0.00221291 
  0.00135996   0.00224945 
   0.0013327   0.00222466 
  0.00132336   0.00230404 
  0.00134797   0.00220504 
   0.0013032   0.00222072 
  0.00129976   0.00232629 
  0.00129612   0.00223686 
   0.0012914   0.00228729 
  0.00127901     0.002243 
  0.00128639   0.00225817 
  0.00126498   0.00222465 
  0.00123921   0.00231792 
  0.00127524   0.00226768 
  0.00123096   0.00227376 
  0.00125313   0.00224761 
  0.00125087   0.00234756 
   0.0012493   0.00231499 
  0.00122367   0.00226726 
  0.00121989   0.00239259 
  0.00121713   0.00228727 
  0.00119887   0.00230751 
  0.00122682   0.00225499 
  0.00118532   0.00238547 
  0.00123638   0.00227798 
  0.00116407   0.00229975 
  0.00118045   0.00230042 
  0.00116134   0.00237583 
  0.00117178   0.00244658 
  0.00115746   0.00237596 
  0.00116687   0.00236312 
  0.00115836   0.00228077 
   0.0011411   0.00233375 
  0.00111605   0.00233163 
  0.00112895   0.00239946 
  0.00114097   0.00230794 
  0.00110837   0.00244372 
  0.00110222    0.0024767 
  0.00109756   0.00239168 
  0.00110795   0.00242178 
  0.00113119   0.00245458 
  0.00113262   0.00239141 
  0.00111201   0.00255896 
  0.00103496   0.00233175 
 0.000993215   0.00227813 
 0.000975284   0.00231674 
 0.000964323   0.00229833 
 0.000978775   0.00227488 
 0.000970232   0.00231678 
 0.000992279   0.00232182 
 0.000964732   0.00229976 
 0.000956366   0.00231345 
 0.000985723   0.00228613 
 0.000967799   0.00230392 
 0.000973783   0.00230516 
 0.000948259   0.00233442 
 0.000952949   0.00236747 
  0.00097639   0.00233905 
 0.000954662   0.00226951 
 0.000959137   0.00234489 
 0.000946215   0.00237174 
 0.000946656   0.00233636 
 0.000967773    0.0022906 
 0.000946328   0.00232453 
 0.000923407   0.00234437 
 0.000924826   0.00236216 
 0.000940151   0.00232742 
 0.000916294   0.00232396 
 0.000938632   0.00234155 
 0.000916467    0.0023549 
 0.000922895   0.00236284 
 0.000920199   0.00239881 
 0.000934663   0.00233472 
 0.000936517   0.00232585 
 0.000939304   0.00237612 
 0.000898349    0.0023474 
 0.000929131   0.00234009 
 0.000938166   0.00232231 
 0.000918378   0.00235212 
 0.000893891   0.00230976 
 0.000891959    0.0023862 
 0.000897654     0.002357 
 0.000906112   0.00237105 
 0.000904288   0.00236925 
 0.000913188   0.00235733 
 0.000883776   0.00233769 
  0.00088121   0.00238869 
 0.000890611   0.00233356 
  0.00090235   0.00239657 
 0.000876695   0.00232463 
  0.00090265   0.00234584 
 0.000905554    0.0023552 
 0.000878797   0.00234936 
 0.000908524   0.00236808 
 0.000896224   0.00234896 
 0.000878135    0.0022782 
 0.000879887   0.00234159 
 0.000899808   0.00233459 
 0.000888577   0.00235172 
 0.000879678   0.00237964 
 0.000893391   0.00234668 
 0.000868659   0.00235922 
 0.000873067   0.00241333 
  0.00089511   0.00233404 
 0.000854528   0.00236041 
 0.000871988   0.00229909 
 0.000874295   0.00242638 
 0.000886182   0.00236633 
 0.000884534   0.00237376 
 0.000877172   0.00231751 
 0.000869057   0.00235294 
  0.00086535   0.00233453 
 0.000852808    0.0023256 
 0.000859923   0.00235205 
 0.000898422   0.00230164 
 0.000892161    0.0023095 
 0.000876052   0.00237178 
 0.000895223   0.00242961 
  0.00086781   0.00237628 
  0.00088526   0.00238361 
 0.000868349    0.0023532 
 0.000868831   0.00237028 
 0.000884763   0.00234394 
