#      Train        Test
   0.0125317    0.0112575 
  0.00957765    0.0108988 
  0.00851441   0.00886193 
  0.00785674    0.0101099 
  0.00734451   0.00794532 
  0.00694241    0.0083404 
  0.00651917   0.00689723 
  0.00623771   0.00580932 
  0.00600281   0.00620708 
  0.00578877   0.00620923 
  0.00559348   0.00549562 
  0.00550383   0.00503176 
  0.00523661    0.0047412 
  0.00515267   0.00486185 
  0.00504579   0.00515533 
  0.00486559   0.00571587 
  0.00472757   0.00469033 
  0.00472991   0.00515715 
  0.00457447   0.00408074 
  0.00452817   0.00407428 
  0.00437815   0.00460593 
  0.00435079   0.00505999 
   0.0043265   0.00533329 
  0.00421263   0.00388726 
  0.00410841    0.0039941 
  0.00411216   0.00406694 
  0.00404103   0.00392721 
  0.00393174   0.00449898 
  0.00395428   0.00415147 
   0.0038877   0.00431016 
  0.00387345   0.00415222 
  0.00381554    0.0036399 
  0.00377365    0.0039265 
  0.00373377   0.00382692 
  0.00368907   0.00379562 
  0.00363504   0.00365851 
  0.00360874   0.00365956 
  0.00350016   0.00381109 
  0.00352428   0.00332354 
  0.00345418   0.00373117 
  0.00334303   0.00371633 
  0.00331568   0.00328747 
   0.0033749   0.00364286 
  0.00324545   0.00321154 
  0.00318315   0.00344776 
  0.00320737   0.00339111 
  0.00311194   0.00340227 
  0.00310715   0.00357047 
  0.00299403   0.00298488 
  0.00289883   0.00298458 
  0.00284804    0.0029619 
  0.00287392   0.00291501 
  0.00282713   0.00292579 
  0.00278605   0.00303046 
  0.00266853   0.00300093 
  0.00261782   0.00290291 
  0.00260855   0.00284246 
  0.00260423   0.00330934 
  0.00256621   0.00291645 
   0.0025344   0.00311743 
  0.00236094   0.00265881 
  0.00236219   0.00276847 
  0.00228955   0.00271079 
  0.00231478    0.0026322 
  0.00232777   0.00285672 
  0.00232132   0.00256248 
  0.00228228   0.00261446 
  0.00227384   0.00273996 
   0.0023401   0.00298436 
   0.0023192   0.00271927 
   0.0022879   0.00260582 
  0.00229799    0.0027478 
  0.00229418   0.00293068 
  0.00230805   0.00272848 
  0.00225387   0.00263334 
  0.00227608   0.00277849 
  0.00227981   0.00271591 
  0.00225088   0.00267079 
  0.00223361   0.00274077 
   0.0022707   0.00269495 
  0.00226526   0.00272988 
  0.00226719    0.0028921 
  0.00225112   0.00266379 
  0.00229199   0.00271388 
  0.00220376   0.00258271 
  0.00223944   0.00289647 
  0.00224443   0.00298628 
  0.00223482   0.00268224 
  0.00221609   0.00270983 
  0.00220262   0.00268802 
  0.00219591   0.00252997 
  0.00221884   0.00278851 
   0.0022222   0.00268117 
  0.00220178   0.00267814 
  0.00213834   0.00264411 
  0.00213609   0.00274598 
   0.0021751   0.00280963 
  0.00215307   0.00256019 
  0.00214205   0.00277826 
  0.00209459   0.00283459 
  0.00210366   0.00267467 
  0.00212795   0.00280378 
  0.00213746   0.00261445 
  0.00210964   0.00285264 
  0.00209041   0.00258498 
  0.00206311   0.00265861 
  0.00204565   0.00274381 
  0.00203666    0.0026805 
  0.00204465   0.00263407 
   0.0020689   0.00282278 
  0.00205333   0.00279944 
  0.00200696   0.00270886 
  0.00199717   0.00291321 
  0.00203945   0.00259718 
  0.00199025   0.00267787 
  0.00196991   0.00269277 
  0.00195034   0.00257683 
  0.00193831   0.00262676 
  0.00196486   0.00265642 
  0.00195664   0.00252227 
  0.00181322   0.00253518 
  0.00177724   0.00248023 
  0.00176596   0.00240625 
  0.00175935   0.00271668 
  0.00171923   0.00249681 
  0.00174485   0.00243558 
  0.00169368   0.00250583 
  0.00167935   0.00245396 
  0.00169592    0.0025058 
   0.0016743   0.00242013 
  0.00167988    0.0025196 
   0.0016492   0.00249855 
  0.00165459   0.00243374 
  0.00165225    0.0024279 
  0.00165262   0.00249712 
  0.00162634   0.00261149 
  0.00161662    0.0025939 
  0.00162609   0.00256987 
   0.0015716   0.00256814 
   0.0016129   0.00257577 
  0.00158922   0.00248385 
  0.00161167   0.00252046 
  0.00159992   0.00256875 
  0.00160284    0.0024396 
  0.00156749   0.00246987 
  0.00156731   0.00251511 
  0.00157666   0.00246514 
  0.00153866   0.00251119 
   0.0015397   0.00246821 
    0.001591   0.00246271 
  0.00152024   0.00258731 
  0.00153107   0.00249149 
   0.0015524   0.00253735 
  0.00152495   0.00261927 
  0.00151624   0.00237892 
  0.00149857   0.00252979 
  0.00152272   0.00242641 
  0.00152455   0.00241454 
   0.0015139   0.00245028 
  0.00149663   0.00251116 
  0.00136058   0.00253606 
   0.0013738   0.00236653 
  0.00131577   0.00241082 
  0.00135057   0.00237335 
  0.00133545   0.00236865 
  0.00132487   0.00237691 
  0.00131887   0.00234681 
  0.00131159   0.00235864 
  0.00130699   0.00235336 
  0.00129661   0.00237805 
  0.00133612   0.00237077 
  0.00131501   0.00235931 
  0.00129974   0.00235611 
  0.00129497   0.00234963 
  0.00130251   0.00235343 
  0.00131167   0.00241246 
   0.0013048   0.00238214 
  0.00129098   0.00234778 
  0.00130332   0.00240659 
  0.00130129   0.00236036 
  0.00127965   0.00243637 
  0.00129734   0.00241798 
   0.0012835   0.00237982 
  0.00129204    0.0024262 
  0.00127363   0.00234643 
  0.00127734   0.00239136 
  0.00128257   0.00241345 
   0.0012517    0.0023996 
  0.00130561   0.00240723 
  0.00125473   0.00240575 
   0.0012758   0.00243737 
   0.0012574   0.00234216 
  0.00126655   0.00244241 
  0.00123882   0.00239751 
  0.00123765   0.00235119 
  0.00124967   0.00236238 
   0.0012647   0.00238813 
  0.00128028   0.00244187 
  0.00126011   0.00237417 
  0.00125061   0.00241223 
