#      Train        Test
   0.0124101    0.0132789 
   0.0095186   0.00979732 
  0.00840488    0.0106654 
  0.00783473   0.00730101 
  0.00731585   0.00909725 
  0.00685057   0.00810593 
  0.00648343   0.00629021 
  0.00620279   0.00629819 
  0.00600325   0.00521056 
  0.00577494   0.00498537 
  0.00558863   0.00534784 
  0.00547432   0.00538572 
  0.00532678   0.00526312 
  0.00512731   0.00504443 
  0.00503202   0.00478134 
  0.00490932   0.00447611 
  0.00484746   0.00529119 
  0.00470575   0.00446446 
  0.00451153    0.0046394 
  0.00463135   0.00498011 
  0.00438893    0.0048759 
  0.00430959   0.00452392 
  0.00435996   0.00488336 
  0.00425751   0.00500679 
  0.00419659   0.00451031 
  0.00406952   0.00378184 
  0.00405604   0.00424116 
  0.00397296    0.0038524 
  0.00396116   0.00409906 
  0.00383314   0.00402829 
  0.00385489    0.0039519 
  0.00380211   0.00384406 
   0.0037791   0.00425382 
  0.00371492   0.00374932 
  0.00359111   0.00343965 
  0.00358719   0.00408627 
  0.00360757   0.00353652 
  0.00350703   0.00346587 
  0.00354411   0.00378632 
  0.00344763   0.00360262 
  0.00348343   0.00349225 
  0.00340648   0.00361208 
  0.00330367   0.00352618 
  0.00329243   0.00317555 
  0.00326812   0.00360835 
  0.00313002   0.00319575 
  0.00308261    0.0032739 
  0.00309282   0.00313138 
   0.0030679   0.00332308 
  0.00299773   0.00328735 
   0.0029496   0.00305752 
  0.00284383   0.00315933 
  0.00283316   0.00309543 
  0.00280352   0.00308081 
  0.00276083   0.00265498 
  0.00265543   0.00350157 
  0.00261175   0.00294502 
  0.00254158   0.00267229 
  0.00255963   0.00265838 
  0.00251332   0.00267699 
  0.00246508   0.00270713 
  0.00250317   0.00299729 
  0.00239891   0.00265974 
  0.00243817   0.00270062 
  0.00240636   0.00267294 
  0.00236683   0.00272864 
  0.00234634    0.0027449 
  0.00234169   0.00280183 
   0.0023363   0.00262569 
  0.00227921   0.00280198 
  0.00228374   0.00264535 
  0.00224641   0.00266749 
  0.00229551   0.00264002 
  0.00226225   0.00267731 
  0.00231109   0.00272823 
  0.00227113   0.00261784 
  0.00226904   0.00271398 
  0.00227995   0.00255588 
  0.00217679   0.00277983 
  0.00220199   0.00274239 
  0.00221297    0.0027654 
  0.00218876   0.00265379 
  0.00216085   0.00264432 
  0.00218464   0.00269376 
  0.00214968   0.00258699 
  0.00216273   0.00268101 
  0.00215513   0.00272765 
  0.00216663    0.0026725 
  0.00209353    0.0025882 
  0.00203193   0.00257485 
  0.00214566   0.00267646 
  0.00210445   0.00269487 
  0.00212306   0.00264523 
  0.00209414   0.00272726 
   0.0021006    0.0025931 
  0.00210734   0.00269261 
  0.00208944   0.00267216 
  0.00208057   0.00253386 
  0.00203381   0.00267075 
  0.00207309   0.00265423 
  0.00206181   0.00257865 
  0.00205517   0.00258331 
  0.00206675    0.0025856 
  0.00203931   0.00261604 
   0.0019864   0.00261475 
  0.00200773   0.00265009 
   0.0019711   0.00256576 
  0.00201734   0.00278746 
  0.00201278   0.00269435 
  0.00202595   0.00278803 
  0.00196389   0.00256535 
  0.00196642   0.00268404 
  0.00190903   0.00254929 
  0.00191064   0.00268035 
  0.00194321   0.00275553 
  0.00198033   0.00257872 
  0.00190497   0.00249116 
  0.00194813   0.00264676 
  0.00194938   0.00260489 
  0.00191968   0.00259671 
  0.00196118   0.00274132 
  0.00195895   0.00263984 
  0.00192042   0.00256765 
  0.00194722   0.00261355 
   0.0019235    0.0026482 
  0.00193942   0.00264996 
  0.00188107   0.00266423 
  0.00189131    0.0027117 
  0.00191175   0.00255713 
  0.00190109   0.00262935 
  0.00191112   0.00258695 
  0.00191747   0.00259934 
  0.00185823   0.00283902 
  0.00187398   0.00270299 
  0.00186524    0.0025268 
  0.00188378    0.0025236 
  0.00184112    0.0027156 
   0.0018855   0.00272755 
   0.0018762   0.00263332 
   0.0018971   0.00254761 
  0.00186264   0.00266585 
  0.00186763    0.0025395 
  0.00183682   0.00265261 
  0.00182559   0.00273927 
  0.00176671   0.00262016 
   0.0018049   0.00265799 
   0.0018706   0.00273907 
   0.0018549   0.00263608 
  0.00184122    0.0025315 
  0.00185677   0.00254218 
  0.00179575    0.0026007 
  0.00189623   0.00261084 
  0.00180724   0.00260701 
  0.00180122   0.00258854 
  0.00184051   0.00276543 
  0.00180057   0.00289791 
  0.00184959   0.00254061 
  0.00176372   0.00261257 
  0.00177307   0.00265574 
  0.00176947   0.00267983 
  0.00178602   0.00269025 
    0.001791    0.0027216 
  0.00178984   0.00252825 
  0.00175399   0.00287305 
  0.00172792   0.00257295 
  0.00172782    0.0027257 
   0.0017489   0.00265889 
  0.00171554   0.00261354 
  0.00176375   0.00281854 
  0.00172329    0.0025495 
  0.00172916   0.00281293 
  0.00173247   0.00252104 
   0.0017312   0.00249829 
  0.00171356   0.00254796 
  0.00168408    0.0027253 
  0.00168033   0.00262836 
  0.00166002   0.00274737 
  0.00170352   0.00269269 
   0.0016813   0.00259107 
  0.00171152   0.00273297 
  0.00164839   0.00287336 
   0.0016776   0.00263781 
  0.00168157   0.00266862 
  0.00166662   0.00267019 
  0.00166491    0.0027245 
  0.00163299   0.00259447 
   0.0016331   0.00264092 
  0.00165669   0.00264483 
  0.00167238    0.0027047 
  0.00160331    0.0026285 
  0.00160855   0.00260941 
   0.0016785   0.00270361 
   0.0017038   0.00270707 
   0.0016151   0.00259821 
  0.00164326   0.00269419 
  0.00163663   0.00256914 
  0.00166739    0.0026547 
  0.00162227   0.00270783 
  0.00159582   0.00253858 
  0.00166703   0.00273838 
  0.00160157   0.00261526 
  0.00163012   0.00271974 
  0.00156877   0.00252256 
  0.00160579   0.00278692 
   0.0015835   0.00263101 
  0.00155823    0.0026722 
  0.00159771    0.0026464 
  0.00157967   0.00266032 
  0.00158744   0.00267883 
  0.00155701   0.00274192 
  0.00156435   0.00276854 
  0.00155532   0.00269113 
  0.00156035   0.00268724 
  0.00152884   0.00283428 
  0.00155635    0.0026893 
  0.00157635   0.00263043 
  0.00154098   0.00260572 
  0.00153478   0.00270042 
   0.0015777   0.00270681 
  0.00152548   0.00271782 
  0.00155843   0.00249007 
  0.00151816   0.00276958 
  0.00156064   0.00258333 
  0.00152234   0.00261456 
  0.00146026   0.00263398 
  0.00151596   0.00263651 
  0.00150479   0.00262561 
   0.0014668   0.00267738 
  0.00146151   0.00262083 
   0.0015077   0.00261611 
  0.00146453   0.00268631 
  0.00146238   0.00263147 
  0.00147986   0.00257869 
  0.00144537    0.0025724 
  0.00146095    0.0028294 
  0.00150484   0.00257625 
  0.00150114   0.00261679 
  0.00149597    0.0026239 
   0.0014576   0.00270066 
  0.00149169   0.00301747 
  0.00146851   0.00266208 
  0.00150014   0.00277623 
   0.0014517   0.00265805 
  0.00144254   0.00257858 
  0.00144512   0.00255854 
  0.00144138   0.00276095 
  0.00144832   0.00270085 
  0.00143162   0.00268678 
  0.00144827   0.00278488 
  0.00142058   0.00257798 
  0.00142578   0.00265893 
  0.00138091   0.00247034 
  0.00144271     0.003006 
  0.00142416   0.00259989 
  0.00139901   0.00269902 
  0.00141956    0.0029537 
  0.00140225    0.0026066 
  0.00140289   0.00271886 
  0.00141811   0.00262752 
  0.00141644   0.00258686 
  0.00136838   0.00295916 
  0.00137206   0.00286109 
  0.00137474   0.00267644 
  0.00141446   0.00268363 
  0.00137367   0.00264369 
   0.0013966   0.00259744 
  0.00138735   0.00265607 
   0.0013662   0.00265485 
  0.00134944   0.00273232 
  0.00136129   0.00255577 
  0.00134649   0.00259697 
  0.00133036    0.0027768 
  0.00136687   0.00282946 
  0.00133934   0.00265647 
  0.00134955   0.00276307 
  0.00131212   0.00277455 
  0.00133313    0.0025182 
  0.00132137   0.00264586 
  0.00133298   0.00268363 
  0.00133288    0.0026102 
  0.00130049   0.00262214 
  0.00133281   0.00265025 
  0.00132112   0.00270449 
  0.00130555    0.0027502 
    0.001286   0.00272745 
  0.00131703   0.00258021 
  0.00132132   0.00273043 
  0.00130053   0.00264787 
  0.00129434   0.00252005 
  0.00129019   0.00271622 
  0.00127713   0.00268479 
  0.00127339    0.0027181 
  0.00124613   0.00274333 
  0.00128045   0.00262605 
  0.00125748   0.00274794 
  0.00128773   0.00265047 
  0.00123114   0.00300312 
  0.00122541   0.00279011 
  0.00122815   0.00270845 
  0.00124582    0.0025884 
  0.00123532   0.00272684 
  0.00128088   0.00268893 
  0.00126849   0.00258259 
  0.00125075   0.00251687 
  0.00121865   0.00268242 
  0.00124582   0.00274059 
  0.00124082   0.00265045 
  0.00123631   0.00265927 
  0.00121705    0.0026118 
  0.00123225   0.00268813 
  0.00119116   0.00283805 
  0.00120363   0.00259745 
  0.00122831   0.00260933 
  0.00116477   0.00278111 
  0.00118636   0.00291277 
  0.00122465   0.00264146 
  0.00122829   0.00275894 
  0.00119515   0.00267152 
  0.00121305    0.0027423 
  0.00122052   0.00276163 
   0.0012142   0.00275756 
  0.00117947   0.00259736 
  0.00120676   0.00267141 
  0.00119175   0.00268026 
  0.00118655   0.00267518 
  0.00117719   0.00269491 
  0.00117783   0.00285803 
   0.0011898   0.00274873 
  0.00115667   0.00291362 
  0.00117453   0.00270732 
  0.00120082   0.00278668 
  0.00115096   0.00260727 
  0.00117445   0.00264791 
  0.00119059   0.00276796 
  0.00114911   0.00274657 
  0.00115117   0.00270704 
  0.00117708   0.00264304 
  0.00117526   0.00265055 
  0.00112006   0.00272398 
  0.00114253   0.00279667 
    0.001134    0.0026904 
  0.00112846   0.00272365 
  0.00114311   0.00270313 
   0.0011796   0.00262905 
  0.00115369   0.00264419 
  0.00109305   0.00277749 
  0.00114779   0.00281189 
  0.00112613   0.00258602 
  0.00112191   0.00260146 
  0.00113375   0.00259775 
  0.00113145   0.00267724 
  0.00111699   0.00264136 
  0.00112525   0.00268532 
  0.00109766   0.00269064 
  0.00110256   0.00268878 
   0.0011091    0.0027437 
   0.0011412   0.00274166 
  0.00108698   0.00276143 
  0.00106588   0.00274119 
   0.0010758   0.00285077 
  0.00110774   0.00279142 
   0.0011284   0.00279012 
  0.00107397   0.00273476 
  0.00108319    0.0027112 
  0.00107657   0.00269951 
  0.00105898   0.00265883 
  0.00105381   0.00264847 
  0.00110897   0.00290179 
  0.00108305   0.00274978 
   0.0011064   0.00301638 
  0.00107806   0.00272396 
  0.00106297   0.00276314 
  0.00105745   0.00272814 
  0.00103693   0.00279412 
   0.0010411   0.00272204 
  0.00107137   0.00269586 
   0.0010418   0.00263303 
  0.00106769   0.00275837 
  0.00105776   0.00270595 
  0.00105729   0.00258755 
  0.00105523   0.00290921 
  0.00107376   0.00295866 
   0.0010435   0.00269161 
  0.00107171   0.00291244 
  0.00104006   0.00275073 
  0.00102011   0.00272294 
  0.00102828   0.00286307 
  0.00105701   0.00262565 
  0.00104539   0.00292727 
 0.000996627   0.00269496 
  0.00102481   0.00285346 
  0.00102689   0.00267518 
  0.00102929    0.0028144 
  0.00103422   0.00273063 
  0.00103837   0.00270183 
  0.00102829    0.0027509 
   0.0010179   0.00269578 
  0.00100184   0.00277615 
  0.00101894   0.00278711 
  0.00103682   0.00297875 
  0.00100242   0.00278349 
  0.00102552   0.00277001 
  0.00100279   0.00267244 
  0.00101337   0.00278006 
  0.00101837   0.00273149 
  0.00100984   0.00270795 
 0.000994278   0.00270346 
  0.00100267   0.00278314 
 0.000999183   0.00273785 
 0.000989809   0.00272411 
 0.000983072   0.00272098 
 0.000972994   0.00274434 
 0.000979792    0.0028373 
   0.0010103   0.00282234 
  0.00101149   0.00263562 
 0.000982036   0.00284331 
  0.00102005   0.00285152 
  0.00100571   0.00272576 
 0.000975266   0.00267759 
 0.000979975   0.00278925 
 0.000984396   0.00274517 
 0.000995024   0.00278054 
 0.000965671   0.00271685 
 0.000970084   0.00272877 
 0.000958717   0.00283269 
 0.000985931   0.00286898 
 0.000939421   0.00289295 
 0.000990135   0.00267005 
 0.000971142   0.00272604 
 0.000993133   0.00277034 
 0.000994326   0.00268769 
 0.000977613   0.00273184 
 0.000970363   0.00280475 
 0.000946764   0.00268971 
  0.00096863    0.0026617 
 0.000969072   0.00269442 
 0.000954319   0.00277842 
 0.000948965   0.00265172 
 0.000963542   0.00273676 
 0.000917644   0.00278663 
 0.000952755   0.00305613 
 0.000944146   0.00280393 
 0.000952558   0.00272448 
 0.000918605   0.00280901 
 0.000953213   0.00272065 
 0.000956452   0.00286059 
 0.000963857   0.00279355 
 0.000958355   0.00277889 
 0.000955931   0.00284988 
 0.000959948   0.00270542 
 0.000923481   0.00276409 
 0.000945646   0.00276652 
 0.000910266   0.00283336 
 0.000934159   0.00288964 
 0.000909572   0.00266472 
 0.000890466   0.00294999 
 0.000943904   0.00278973 
 0.000938111   0.00277532 
 0.000916649   0.00280682 
 0.000878537   0.00290317 
 0.000926997   0.00277797 
 0.000918043   0.00292733 
 0.000901677   0.00287161 
 0.000909156   0.00289175 
 0.000928938   0.00281995 
 0.000907546   0.00296434 
 0.000919106   0.00280468 
 0.000925959   0.00275884 
 0.000899122   0.00282357 
 0.000920123    0.0027738 
 0.000918425   0.00280052 
 0.000937604   0.00284151 
 0.000896641   0.00278762 
 0.000903969   0.00273827 
 0.000898407   0.00278563 
 0.000930538   0.00291373 
  0.00089731   0.00271059 
 0.000906043   0.00269315 
 0.000900349   0.00275703 
 0.000905324   0.00286626 
 0.000885722   0.00283965 
 0.000897258    0.0031338 
 0.000913307   0.00285883 
 0.000881915   0.00273323 
 0.000896272   0.00278099 
  0.00087972   0.00275981 
 0.000903427   0.00281991 
 0.000886292   0.00306071 
 0.000877726   0.00291649 
 0.000866085   0.00278393 
 0.000891068    0.0027266 
 0.000888171   0.00269617 
  0.00086166   0.00288377 
  0.00087909   0.00283399 
 0.000855006   0.00278139 
 0.000861767   0.00280298 
 0.000892081   0.00302489 
 0.000903822   0.00283153 
 0.000867483   0.00293013 
  0.00086145   0.00288303 
