#      Train        Test
   0.0124795    0.0130807 
  0.00954212   0.00931062 
  0.00850063   0.00865499 
  0.00796458   0.00997345 
  0.00736282   0.00688055 
  0.00683715   0.00753896 
  0.00649702   0.00617164 
  0.00624554   0.00647023 
  0.00598142   0.00568097 
  0.00576064   0.00568385 
  0.00558916   0.00550928 
  0.00538181   0.00510752 
  0.00527235   0.00513656 
  0.00505151   0.00605128 
  0.00496228   0.00516704 
  0.00493953   0.00485794 
  0.00473982   0.00413102 
  0.00460606   0.00576736 
  0.00452348   0.00395466 
  0.00449479   0.00501413 
  0.00442486   0.00436392 
  0.00433547   0.00422973 
  0.00424508   0.00456889 
   0.0041885   0.00438499 
  0.00409846   0.00429219 
   0.0040651   0.00396928 
  0.00405396   0.00417897 
  0.00392515   0.00427677 
  0.00393059   0.00394546 
  0.00382528   0.00353919 
  0.00340621   0.00318277 
  0.00330301   0.00323423 
  0.00324815    0.0031117 
  0.00312025   0.00326649 
  0.00305782   0.00301473 
  0.00302946   0.00298593 
  0.00297698   0.00294208 
  0.00292675   0.00298283 
  0.00292089   0.00296389 
  0.00286453   0.00294873 
  0.00282122   0.00295371 
  0.00277238   0.00302907 
  0.00279728   0.00281606 
   0.0027474   0.00300776 
  0.00272438   0.00285513 
  0.00273302   0.00287186 
  0.00266654   0.00294654 
  0.00267677   0.00277951 
  0.00260798   0.00279468 
  0.00260851   0.00277485 
  0.00257444   0.00285352 
  0.00258175    0.0029941 
  0.00254849   0.00277643 
  0.00245514   0.00281877 
  0.00252858   0.00287674 
  0.00248887   0.00272565 
  0.00245238   0.00271951 
  0.00246028   0.00297233 
  0.00237445   0.00283301 
  0.00237332    0.0026765 
  0.00236597   0.00278129 
  0.00234606   0.00272404 
  0.00233592    0.0027324 
  0.00235629   0.00276897 
  0.00233561   0.00278827 
  0.00235025   0.00292423 
  0.00233825   0.00285077 
  0.00233071    0.0027723 
  0.00239469   0.00281244 
  0.00232354   0.00264394 
    0.002318   0.00283077 
  0.00233756   0.00273281 
  0.00231122   0.00266629 
  0.00230123   0.00296937 
  0.00231817   0.00285684 
  0.00230326   0.00269224 
  0.00226876   0.00279515 
  0.00229213   0.00274958 
  0.00232785   0.00269259 
  0.00229176   0.00279769 
  0.00231395   0.00264981 
  0.00235047   0.00284659 
  0.00231044   0.00293186 
  0.00231381   0.00280133 
  0.00228896   0.00278278 
  0.00231116   0.00301946 
  0.00226129    0.0026121 
  0.00223091   0.00281395 
  0.00226723    0.0028505 
  0.00228003   0.00260467 
  0.00226857   0.00295308 
  0.00226033    0.0028151 
  0.00219481   0.00265541 
  0.00223748   0.00287372 
  0.00226032   0.00292023 
  0.00224778   0.00269804 
  0.00218906   0.00272442 
  0.00217247   0.00292622 
  0.00218533   0.00271501 
  0.00218047   0.00264398 
  0.00199655   0.00260121 
  0.00197131   0.00261892 
  0.00189859   0.00257797 
  0.00193333   0.00266682 
  0.00189177   0.00260451 
   0.0018966   0.00257657 
  0.00187407   0.00261439 
  0.00187492   0.00260503 
  0.00185984   0.00259225 
  0.00188001   0.00250125 
   0.0018243   0.00256223 
  0.00181185   0.00246952 
  0.00182436   0.00261295 
  0.00181848   0.00261123 
  0.00180352   0.00256272 
  0.00176592   0.00258875 
  0.00179801   0.00259321 
  0.00175002   0.00259576 
  0.00176009   0.00248488 
  0.00176445    0.0025321 
  0.00181018   0.00258524 
  0.00177403   0.00261654 
  0.00176926   0.00255321 
  0.00176941   0.00247226 
  0.00174785   0.00260357 
  0.00172919   0.00259701 
  0.00174012   0.00263898 
  0.00170226   0.00254271 
  0.00175869   0.00262822 
   0.0017161   0.00254726 
  0.00171059   0.00255857 
  0.00169259   0.00263473 
  0.00168265   0.00260101 
  0.00167517   0.00251866 
  0.00169615   0.00252622 
  0.00165934   0.00257637 
  0.00168214   0.00263575 
  0.00164301   0.00247789 
  0.00165668   0.00259152 
  0.00164927    0.0025291 
  0.00162193   0.00264577 
   0.0016466   0.00256207 
  0.00161571   0.00262349 
  0.00163476   0.00257253 
  0.00162489   0.00253607 
  0.00162668   0.00252798 
  0.00160434   0.00253299 
  0.00162577   0.00250766 
  0.00157226   0.00253927 
  0.00157686   0.00244175 
  0.00160662   0.00258314 
   0.0015561   0.00273954 
  0.00158909   0.00253508 
  0.00155587   0.00261349 
  0.00156167   0.00246348 
  0.00153152   0.00254661 
  0.00154537   0.00250708 
  0.00153845   0.00258314 
  0.00152308   0.00251275 
  0.00152538   0.00259921 
  0.00141797   0.00247371 
   0.0013634   0.00244482 
  0.00139882    0.0024359 
  0.00136134   0.00242295 
  0.00136123   0.00244576 
  0.00135709   0.00242196 
  0.00134407    0.0024197 
  0.00134077   0.00250341 
  0.00133654   0.00245067 
  0.00135037   0.00247588 
  0.00137026   0.00242892 
  0.00131619   0.00245493 
  0.00132526   0.00244545 
  0.00132288   0.00244084 
  0.00133739   0.00247859 
  0.00131365   0.00240609 
  0.00130108   0.00238718 
  0.00132854   0.00245385 
  0.00130981   0.00246588 
   0.0013303   0.00243692 
  0.00129301    0.0024432 
  0.00129242   0.00243823 
  0.00130142   0.00247311 
  0.00130131    0.0024278 
  0.00131708    0.0024733 
  0.00133291    0.0024659 
  0.00127503   0.00246919 
  0.00130511    0.0024862 
   0.0012792   0.00248429 
  0.00127775   0.00244543 
  0.00128383   0.00247177 
  0.00129203   0.00250339 
  0.00130532   0.00243326 
   0.0012829     0.002449 
  0.00129789   0.00243827 
  0.00127693   0.00244111 
  0.00128686   0.00245684 
  0.00129606   0.00252695 
  0.00127482    0.0025331 
  0.00126298    0.0024732 
