#      Train        Test
    0.012651   0.00992781 
  0.00912012   0.00826716 
  0.00790561   0.00818305 
  0.00705351   0.00722889 
  0.00640783   0.00744419 
  0.00596365    0.0058419 
  0.00557795   0.00496853 
  0.00532176   0.00616394 
  0.00507151   0.00568598 
  0.00482811   0.00602512 
  0.00467291   0.00498407 
  0.00454693   0.00453469 
  0.00439439   0.00438085 
  0.00420177   0.00411621 
  0.00414055   0.00402564 
  0.00402887   0.00406655 
  0.00393932   0.00374346 
  0.00385989   0.00355445 
  0.00375023   0.00484917 
  0.00369606   0.00351603 
  0.00361082   0.00430124 
  0.00354596   0.00342975 
  0.00343249   0.00369968 
  0.00337369   0.00333646 
   0.0032598    0.0031898 
  0.00327698   0.00327449 
  0.00321872   0.00299353 
  0.00316345       0.0033 
  0.00312881   0.00281233 
   0.0030576   0.00304795 
  0.00302845   0.00369741 
  0.00299025   0.00286832 
  0.00295099   0.00294699 
     0.00288   0.00307952 
  0.00283555   0.00301177 
  0.00280331   0.00301937 
  0.00275305   0.00271336 
  0.00272698   0.00300499 
  0.00270637   0.00277512 
  0.00264846   0.00282413 
  0.00261342    0.0026899 
  0.00258346   0.00326136 
  0.00255756   0.00272219 
  0.00255238   0.00291863 
  0.00246078   0.00282782 
  0.00247915   0.00270716 
  0.00244605   0.00281061 
  0.00243534   0.00276395 
  0.00238232   0.00290803 
  0.00236881   0.00271123 
  0.00230022   0.00265071 
  0.00235991    0.0024075 
  0.00228038   0.00282601 
  0.00228084   0.00277163 
  0.00227241   0.00316775 
  0.00220703   0.00282883 
  0.00219908   0.00271443 
  0.00215377   0.00286466 
  0.00216567   0.00263653 
  0.00213733   0.00256075 
  0.00176307   0.00216583 
  0.00160445   0.00220603 
  0.00160465   0.00220057 
  0.00157054   0.00225979 
  0.00153459   0.00223931 
   0.0014877   0.00238733 
  0.00148786   0.00221729 
  0.00146538   0.00228009 
  0.00147216   0.00218706 
  0.00145848   0.00226877 
  0.00144351    0.0023259 
  0.00145146   0.00231158 
  0.00143413   0.00225546 
  0.00139822     0.002313 
  0.00139303   0.00223128 
  0.00138337   0.00225024 
  0.00139438     0.002262 
  0.00136922   0.00234317 
  0.00135102   0.00230153 
  0.00136292    0.0022368 
  0.00134587   0.00226933 
   0.0013613   0.00226388 
  0.00134825   0.00228748 
  0.00133085   0.00230695 
  0.00130304   0.00243482 
  0.00132699   0.00235529 
  0.00130204   0.00228023 
  0.00127696   0.00235621 
  0.00125405   0.00224781 
  0.00125424    0.0022844 
  0.00129574    0.0023186 
  0.00123746   0.00230462 
  0.00125056   0.00235011 
  0.00123519   0.00230809 
  0.00124444   0.00240103 
  0.00121871   0.00230141 
  0.00123536   0.00240338 
  0.00123661   0.00237692 
  0.00128008    0.0023809 
  0.00121171   0.00240916 
  0.00120038   0.00235475 
  0.00121455   0.00241023 
  0.00116612   0.00232191 
  0.00121854   0.00240425 
  0.00116814   0.00237599 
  0.00118513   0.00234306 
  0.00116521   0.00238289 
  0.00119897   0.00234345 
  0.00115101   0.00237307 
  0.00117159   0.00233811 
  0.00116506   0.00232745 
  0.00113012   0.00241634 
    0.001162   0.00258008 
  0.00115086   0.00247929 
  0.00114288   0.00231326 
  0.00111936   0.00244861 
  0.00109866   0.00238249 
  0.00112158   0.00245467 
  0.00111672   0.00237755 
  0.00110949   0.00247265 
  0.00101637   0.00234798 
    0.001014   0.00238748 
   0.0010055   0.00234718 
  0.00100139    0.0023151 
 0.000998608   0.00233865 
 0.000982487   0.00238578 
  0.00099564   0.00234185 
  0.00096136   0.00239211 
  0.00095977   0.00236976 
 0.000982141   0.00240911 
 0.000951533   0.00235322 
 0.000958454   0.00245584 
 0.000964586   0.00237491 
 0.000935927   0.00238714 
 0.000973711   0.00239108 
 0.000957344   0.00233898 
  0.00095308   0.00241174 
 0.000955657   0.00235357 
 0.000949536   0.00235254 
 0.000956413   0.00238678 
 0.000948041   0.00241133 
  0.00095622   0.00236009 
 0.000962123   0.00238652 
 0.000923686   0.00238319 
 0.000913005   0.00247042 
 0.000955491   0.00235381 
 0.000939079   0.00240706 
 0.000931416    0.0023911 
 0.000949813   0.00236717 
 0.000931642   0.00237878 
 0.000950919   0.00245652 
 0.000907091    0.0023766 
 0.000937526   0.00237487 
 0.000928745   0.00242504 
 0.000903912   0.00240693 
 0.000926253   0.00236202 
 0.000938189   0.00243753 
 0.000916198    0.0023785 
 0.000938074   0.00243052 
 0.000923477   0.00240762 
 0.000906931   0.00252886 
 0.000893333    0.0024139 
 0.000910059   0.00234622 
 0.000910775    0.0023774 
 0.000896635   0.00237675 
 0.000893164   0.00245408 
  0.00090424   0.00241753 
 0.000900623   0.00236954 
 0.000901087   0.00238348 
 0.000882558   0.00237229 
 0.000904509   0.00245504 
 0.000907495   0.00240856 
 0.000897532   0.00241356 
 0.000878328   0.00242492 
  0.00089422   0.00244618 
 0.000895326   0.00238739 
 0.000885897   0.00240107 
 0.000878491   0.00236965 
 0.000882917   0.00240989 
 0.000888498   0.00237495 
 0.000876677   0.00237862 
 0.000895582   0.00238721 
 0.000880893   0.00238852 
 0.000879929   0.00243477 
 0.000902762    0.0023554 
 0.000870983   0.00239589 
 0.000885607    0.0024763 
 0.000883793   0.00237919 
 0.000882175   0.00242882 
 0.000887573   0.00243489 
 0.000880559   0.00247435 
  0.00089805   0.00240709 
 0.000880302   0.00241575 
 0.000890573    0.0023587 
 0.000907346   0.00241953 
 0.000872921    0.0025064 
 0.000879291   0.00244697 
 0.000883918   0.00237153 
 0.000888632   0.00241842 
 0.000896107   0.00237383 
