#      Train        Test
   0.0124008    0.0116434 
  0.00952324    0.0099787 
  0.00841063   0.00908473 
  0.00775232   0.00769918 
  0.00719738   0.00665334 
  0.00673733    0.0068731 
  0.00650833   0.00809642 
  0.00615816   0.00549944 
  0.00596608   0.00529907 
  0.00578548   0.00698599 
  0.00557615   0.00563234 
  0.00540035   0.00527737 
  0.00526557   0.00528035 
  0.00508712   0.00465658 
  0.00499516   0.00490854 
  0.00492552   0.00442895 
  0.00473302   0.00461462 
  0.00468188   0.00557688 
  0.00458648   0.00481634 
  0.00450729   0.00407508 
  0.00445357   0.00444333 
  0.00439612   0.00516106 
   0.0042612   0.00370917 
  0.00416476   0.00397871 
  0.00421834   0.00372116 
  0.00408652   0.00390241 
  0.00407979   0.00403394 
  0.00402085   0.00367623 
  0.00390416   0.00387635 
  0.00392956   0.00379713 
  0.00382499   0.00382031 
  0.00380389   0.00357512 
  0.00376593   0.00346517 
  0.00370989   0.00367624 
  0.00364533   0.00360365 
  0.00357984   0.00415327 
  0.00354961   0.00375743 
   0.0035182   0.00332929 
  0.00353054   0.00341744 
  0.00345045   0.00345634 
  0.00337266   0.00365134 
  0.00332667   0.00356572 
  0.00327695   0.00329126 
  0.00327919   0.00307303 
   0.0032225   0.00296912 
  0.00317035   0.00324622 
   0.0031155   0.00316433 
  0.00314725   0.00314956 
  0.00308099   0.00334347 
  0.00298811   0.00335796 
  0.00290807    0.0030927 
  0.00283809    0.0032125 
  0.00289016   0.00295939 
  0.00269383   0.00288727 
  0.00270283   0.00308461 
  0.00266181    0.0029265 
  0.00259102    0.0026204 
  0.00251478   0.00295916 
  0.00256396   0.00263316 
  0.00247686   0.00277958 
  0.00250199   0.00258869 
  0.00241051   0.00281767 
  0.00243393   0.00277266 
  0.00240321   0.00288024 
  0.00234764   0.00272963 
  0.00236924   0.00273324 
  0.00232814   0.00261233 
  0.00231067   0.00263068 
  0.00228053     0.002553 
  0.00229197   0.00269191 
  0.00231141   0.00285013 
  0.00230663   0.00263885 
   0.0022607   0.00284655 
  0.00228259   0.00263404 
    0.002298     0.002629 
  0.00226112   0.00265697 
   0.0022135   0.00272413 
  0.00225601    0.0025623 
   0.0021903   0.00263338 
  0.00218207   0.00268507 
  0.00219464   0.00280202 
  0.00212773    0.0026648 
  0.00217315   0.00250407 
  0.00209795   0.00258409 
    0.002115   0.00246282 
  0.00215988   0.00268991 
  0.00219776   0.00263114 
  0.00216406   0.00252989 
  0.00209639   0.00270038 
  0.00212799   0.00270814 
  0.00216154   0.00260482 
  0.00215923   0.00257199 
  0.00212697    0.0026732 
  0.00207061   0.00263829 
  0.00207747   0.00256547 
  0.00206745   0.00260691 
  0.00205419   0.00258301 
  0.00203115    0.0025049 
  0.00202814   0.00275591 
  0.00204786   0.00254148 
  0.00200285   0.00273091 
  0.00210597   0.00256479 
  0.00201325   0.00261258 
  0.00201885   0.00252672 
   0.0020102   0.00264566 
   0.0020084   0.00267935 
  0.00198993   0.00260266 
  0.00199784   0.00271686 
  0.00197175   0.00267095 
  0.00196537    0.0025381 
  0.00198149   0.00265457 
  0.00194059    0.0027247 
  0.00200056   0.00281592 
  0.00199263    0.0026106 
  0.00203731   0.00253272 
  0.00193585   0.00271692 
   0.0019447   0.00264926 
  0.00193155   0.00265742 
  0.00196251   0.00269181 
  0.00197897   0.00265447 
  0.00191836   0.00274061 
  0.00193639    0.0025854 
  0.00194234   0.00255553 
  0.00196739   0.00271685 
  0.00190717   0.00261567 
  0.00190881   0.00290018 
   0.0018994   0.00256196 
  0.00190545   0.00258326 
  0.00189477   0.00258418 
  0.00189494   0.00289432 
  0.00191327   0.00261473 
  0.00187611   0.00284058 
  0.00191198   0.00269425 
  0.00190843   0.00269018 
  0.00189453   0.00269576 
  0.00191642   0.00265036 
  0.00183309    0.0026802 
  0.00180729   0.00278555 
  0.00190136    0.0027997 
  0.00188877   0.00260833 
  0.00183693   0.00269954 
  0.00185365   0.00275729 
  0.00185554   0.00261202 
  0.00183211   0.00270342 
  0.00178029   0.00273409 
    0.001792   0.00251626 
   0.0018449   0.00264067 
   0.0018517   0.00279454 
  0.00181205   0.00262108 
  0.00177552   0.00256156 
  0.00187317   0.00271543 
  0.00181433    0.0027318 
  0.00173941   0.00251504 
  0.00179392   0.00269201 
  0.00179272   0.00285693 
  0.00182866   0.00267634 
  0.00180143   0.00270444 
  0.00182479   0.00257824 
  0.00180279   0.00256786 
  0.00180598   0.00276751 
  0.00179889   0.00275231 
  0.00178927   0.00270449 
  0.00178702   0.00266422 
  0.00179414   0.00269405 
  0.00177154   0.00272249 
  0.00176755   0.00255799 
  0.00175334   0.00279275 
  0.00177913   0.00285207 
  0.00175709   0.00277068 
  0.00171059   0.00270098 
  0.00172597   0.00274412 
  0.00169765   0.00270722 
  0.00170264   0.00260138 
  0.00172512   0.00262966 
  0.00167346   0.00265445 
  0.00167328   0.00275839 
  0.00170227   0.00245154 
  0.00169357   0.00278797 
  0.00169795   0.00292376 
  0.00168743   0.00254377 
  0.00165804   0.00276577 
  0.00167065   0.00280272 
   0.0017031   0.00268844 
  0.00168264   0.00269003 
  0.00165835   0.00263201 
  0.00167983    0.0027794 
  0.00165699   0.00277469 
  0.00168342   0.00261521 
  0.00166254   0.00273372 
  0.00168094   0.00296502 
  0.00168099    0.0027697 
  0.00162255   0.00273671 
  0.00162244   0.00265414 
  0.00160853   0.00269051 
  0.00161409   0.00257113 
  0.00165587    0.0027908 
  0.00162173   0.00263625 
  0.00161614   0.00249861 
   0.0016257   0.00290855 
  0.00163257   0.00262235 
  0.00162311   0.00257452 
  0.00161549   0.00270739 
  0.00161078    0.0026786 
  0.00165746   0.00291005 
  0.00158706   0.00291933 
  0.00158856   0.00271004 
  0.00158453   0.00258271 
  0.00160787   0.00263509 
  0.00156542    0.0027374 
  0.00162464    0.0027824 
  0.00155359   0.00282329 
  0.00159331   0.00276433 
  0.00159358   0.00261732 
  0.00155801   0.00275055 
  0.00156582   0.00286524 
  0.00159445   0.00277128 
  0.00155441   0.00275998 
  0.00156796   0.00256933 
  0.00159546   0.00270431 
  0.00157676   0.00265562 
  0.00154429   0.00262293 
  0.00154676   0.00289472 
  0.00148873   0.00277237 
  0.00152563   0.00258811 
  0.00153382   0.00268316 
  0.00145895   0.00261976 
  0.00149429   0.00269909 
  0.00146969   0.00254469 
  0.00150049   0.00253175 
  0.00149492   0.00264125 
  0.00149712   0.00264821 
  0.00149925   0.00271255 
  0.00147616   0.00276061 
  0.00145851   0.00258905 
  0.00146715   0.00268286 
   0.0015103   0.00267959 
  0.00150032   0.00258743 
  0.00148491   0.00284822 
  0.00145321   0.00271334 
  0.00145016   0.00276521 
   0.0014653   0.00257231 
  0.00143725   0.00256117 
  0.00144649   0.00280696 
  0.00145598   0.00265533 
  0.00142743   0.00277268 
  0.00143362   0.00263605 
  0.00147922   0.00278073 
  0.00142679   0.00270761 
  0.00142449   0.00292968 
  0.00146435   0.00271535 
  0.00146617   0.00273681 
  0.00141508    0.0026272 
  0.00142267   0.00259989 
  0.00142169   0.00285642 
  0.00139999   0.00271623 
  0.00141496   0.00278097 
  0.00137999   0.00307405 
   0.0014072   0.00278722 
  0.00142009   0.00296377 
  0.00139742   0.00287604 
  0.00138201   0.00261151 
  0.00139936   0.00275537 
  0.00137068   0.00288889 
  0.00141016   0.00279416 
  0.00134675   0.00281617 
  0.00137445   0.00269937 
  0.00138348   0.00281855 
  0.00133173   0.00264967 
  0.00134082   0.00283472 
  0.00135049     0.002771 
  0.00135166   0.00279035 
  0.00133364   0.00276661 
  0.00134184   0.00258602 
  0.00137911   0.00273819 
  0.00136575   0.00259117 
  0.00134978   0.00285409 
  0.00129916   0.00271335 
  0.00133688    0.0028527 
  0.00136025   0.00291517 
  0.00132723   0.00276417 
  0.00129729   0.00274839 
  0.00131506   0.00270333 
   0.0012935   0.00269922 
    0.001271   0.00286355 
  0.00127735   0.00262676 
   0.0012889   0.00297618 
  0.00131492   0.00265791 
  0.00126522   0.00279455 
  0.00129934   0.00285716 
  0.00129649   0.00266956 
  0.00127511   0.00273039 
  0.00126383   0.00267788 
  0.00129888   0.00261829 
  0.00130131   0.00266289 
   0.0012588   0.00266324 
  0.00129364   0.00268028 
  0.00127989   0.00266167 
  0.00125662    0.0028427 
  0.00124149    0.0028289 
  0.00126075   0.00263082 
   0.0012584   0.00259944 
   0.0012955   0.00271907 
  0.00124632   0.00283457 
  0.00124075   0.00266844 
  0.00124539   0.00276137 
  0.00122705   0.00267992 
  0.00124741   0.00289874 
  0.00124121   0.00273072 
  0.00124931   0.00283648 
  0.00121769   0.00266742 
  0.00118741   0.00288967 
  0.00120045   0.00270425 
  0.00120553   0.00285296 
  0.00120392   0.00285427 
  0.00121767   0.00269933 
  0.00120076   0.00300332 
  0.00118187   0.00292291 
  0.00121192   0.00286934 
  0.00118768   0.00281072 
  0.00121094   0.00269682 
  0.00120077    0.0027986 
  0.00118298   0.00267675 
     0.00123   0.00280063 
  0.00114941   0.00263014 
  0.00116702   0.00276401 
  0.00116788   0.00279014 
  0.00116101    0.0028208 
  0.00120568   0.00298074 
  0.00116533    0.0027653 
  0.00118912   0.00283096 
  0.00117203   0.00286495 
  0.00115591   0.00272412 
  0.00116873   0.00286354 
  0.00118001   0.00281658 
  0.00113946   0.00280274 
  0.00112193   0.00276559 
  0.00115124   0.00290857 
  0.00115372    0.0026998 
  0.00117312   0.00272725 
  0.00117936   0.00283613 
  0.00111931   0.00281719 
  0.00113497   0.00277115 
  0.00113552   0.00288317 
  0.00112364   0.00275118 
  0.00111995   0.00269609 
   0.0011266   0.00266854 
  0.00115357   0.00282358 
   0.0011338   0.00265523 
  0.00111075   0.00277159 
  0.00110393   0.00271833 
  0.00109732   0.00270171 
  0.00111564   0.00281837 
  0.00112641   0.00280463 
  0.00110953   0.00284262 
  0.00110101   0.00267268 
  0.00109326   0.00282993 
  0.00110083   0.00282612 
  0.00108112   0.00286854 
  0.00110672   0.00263391 
  0.00109229   0.00276312 
  0.00110267    0.0027216 
  0.00109971   0.00284222 
  0.00113329   0.00262149 
  0.00113246   0.00260006 
  0.00106404   0.00289128 
  0.00107978   0.00272815 
  0.00105889   0.00267806 
  0.00106672   0.00274319 
   0.0011147    0.0028275 
  0.00107814    0.0028099 
  0.00106841   0.00281977 
  0.00103481   0.00287231 
  0.00107307   0.00278622 
  0.00105863   0.00289502 
  0.00107253   0.00276485 
  0.00104151   0.00283343 
  0.00108917   0.00272746 
  0.00107916   0.00276388 
  0.00105848   0.00273255 
  0.00107918   0.00264984 
  0.00102268   0.00271758 
  0.00101249   0.00292056 
  0.00106183   0.00276738 
  0.00105438   0.00277033 
  0.00106544   0.00276036 
  0.00108962   0.00279244 
  0.00105013    0.0028805 
  0.00105317   0.00297868 
  0.00106123    0.0028553 
  0.00101519   0.00272149 
  0.00102234   0.00280975 
  0.00100067   0.00280712 
  0.00101325   0.00264087 
  0.00101681   0.00272313 
  0.00101631   0.00277274 
  0.00101911   0.00279409 
  0.00102272    0.0027707 
 0.000989404   0.00282178 
  0.00102985   0.00273196 
 0.000994294   0.00287242 
  0.00102609   0.00279115 
   0.0010524   0.00279681 
  0.00102497   0.00274742 
 0.000985012   0.00276784 
 0.000978721   0.00304154 
 0.000995203   0.00279387 
  0.00100925   0.00278479 
  0.00101485   0.00277991 
  0.00101177   0.00295876 
   0.0010212   0.00272554 
 0.000985151   0.00283111 
 0.000989094   0.00278874 
 0.000965736   0.00281132 
 0.000998444   0.00277071 
 0.000956818   0.00300991 
  0.00100768   0.00295987 
  0.00098463   0.00271645 
  0.00100521   0.00278438 
 0.000994967   0.00277465 
 0.000962916   0.00283324 
 0.000990323   0.00280397 
 0.000957003   0.00264068 
 0.000976299   0.00283713 
 0.000995686   0.00282046 
 0.000976123   0.00278708 
 0.000967152   0.00290985 
 0.000964335   0.00282923 
 0.000995746   0.00279871 
 0.000957346   0.00300137 
 0.000956436   0.00285513 
 0.000958921   0.00281111 
 0.000959636   0.00279158 
 0.000988454    0.0027744 
 0.000941936   0.00285491 
 0.000968723   0.00279453 
 0.000948594   0.00279736 
 0.000972166   0.00270896 
 0.000939768   0.00293251 
 0.000962328   0.00281798 
  0.00095881   0.00303993 
 0.000964737   0.00308864 
 0.000974841   0.00284288 
 0.000965647   0.00278424 
 0.000979922   0.00281062 
 0.000938929   0.00278749 
 0.000954001   0.00287764 
 0.000921043   0.00270531 
 0.000973242   0.00300379 
 0.000936709   0.00295938 
  0.00093648   0.00277653 
 0.000928942   0.00274851 
  0.00095832   0.00291202 
 0.000923956   0.00282858 
 0.000945364   0.00276985 
 0.000925048   0.00281143 
 0.000931557   0.00285144 
 0.000925942   0.00285842 
 0.000912667    0.0030993 
 0.000901311   0.00314559 
 0.000959304   0.00273068 
 0.000921551   0.00288994 
 0.000904724   0.00280519 
  0.00094481    0.0027749 
 0.000928866   0.00280432 
 0.000878431   0.00288477 
  0.00087205   0.00290025 
 0.000903267   0.00296328 
 0.000939646   0.00283964 
 0.000933674   0.00278219 
 0.000910048   0.00289084 
  0.00090379    0.0029451 
 0.000892004   0.00282503 
 0.000906692   0.00285574 
 0.000909193   0.00269889 
  0.00089475   0.00281841 
 0.000910771   0.00274301 
  0.00090728   0.00289807 
 0.000906477   0.00290645 
 0.000891005   0.00287547 
 0.000886683   0.00273569 
  0.00093437   0.00280492 
 0.000858788   0.00280475 
 0.000853961   0.00276628 
 0.000887646   0.00289753 
 0.000890251   0.00283083 
 0.000888743   0.00284555 
 0.000859315   0.00277131 
 0.000866729   0.00289462 
  0.00087414   0.00284815 
 0.000875512   0.00282868 
 0.000866146    0.0027293 
 0.000913449   0.00280784 
  0.00090919   0.00281877 
 0.000921693   0.00282418 
 0.000854763   0.00288923 
 0.000894834   0.00281209 
 0.000847241   0.00281545 
 0.000877151   0.00286245 
 0.000880537    0.0027905 
 0.000864558    0.0028782 
