#      Train        Test
   0.0125248    0.0114745 
  0.00952339    0.0105381 
  0.00847673   0.00871662 
  0.00790438    0.0119521 
  0.00731691   0.00677785 
  0.00680155   0.00671714 
  0.00647407   0.00659988 
  0.00622106   0.00701088 
   0.0059244   0.00529183 
  0.00570448   0.00606229 
  0.00550396   0.00541701 
  0.00534124   0.00590227 
  0.00522431    0.0044181 
  0.00501965   0.00540946 
  0.00493224    0.0051434 
  0.00489979   0.00434133 
   0.0047567   0.00454308 
    0.004612   0.00509799 
  0.00450134   0.00402783 
  0.00444911   0.00473545 
  0.00438651   0.00435126 
  0.00431183   0.00450684 
  0.00422863   0.00449537 
   0.0041432   0.00402287 
  0.00407198   0.00405985 
  0.00407573   0.00426068 
  0.00400573   0.00401653 
   0.0039017   0.00342175 
  0.00388967   0.00408977 
  0.00381697    0.0035449 
  0.00374695   0.00421418 
  0.00367996   0.00370015 
  0.00373586   0.00371287 
  0.00362272    0.0035083 
  0.00357662   0.00364249 
  0.00352741   0.00369133 
  0.00341255   0.00344942 
  0.00339172   0.00356685 
  0.00338616   0.00335054 
  0.00331899   0.00334128 
  0.00325153   0.00317769 
  0.00320859   0.00347711 
  0.00316596   0.00311941 
  0.00304156   0.00346864 
  0.00311283   0.00345366 
  0.00306718    0.0032363 
  0.00294598   0.00308412 
  0.00293518   0.00280382 
   0.0029283   0.00311966 
   0.0028164   0.00292721 
    0.002731   0.00283543 
  0.00274324   0.00324804 
  0.00264917   0.00319008 
   0.0025376   0.00277881 
  0.00264716   0.00284307 
  0.00250448   0.00295509 
  0.00245331   0.00268874 
   0.0024363   0.00277704 
    0.002422   0.00268547 
  0.00242489   0.00262388 
  0.00227792   0.00270276 
  0.00223876   0.00261223 
  0.00223909    0.0026085 
  0.00228278   0.00256464 
  0.00222932   0.00266102 
  0.00221027   0.00268679 
  0.00223761   0.00271849 
  0.00225216   0.00261539 
  0.00225536   0.00256261 
  0.00219404    0.0025355 
  0.00220257   0.00254735 
  0.00223531   0.00258542 
  0.00217039   0.00256102 
  0.00218835   0.00278802 
  0.00220532   0.00270145 
  0.00218621   0.00269407 
  0.00219289   0.00272943 
  0.00219671   0.00250665 
   0.0022217   0.00277452 
  0.00220845   0.00255585 
  0.00217458   0.00273694 
  0.00220142    0.0026544 
  0.00216712   0.00267147 
  0.00219772   0.00275916 
  0.00219853   0.00262868 
  0.00222567   0.00272563 
  0.00215018    0.0026639 
  0.00219633   0.00275289 
  0.00219641   0.00276539 
  0.00219683   0.00268555 
  0.00217081   0.00264798 
  0.00218534   0.00270715 
  0.00217884   0.00267033 
  0.00215786   0.00280317 
  0.00212419   0.00277401 
  0.00211035   0.00262436 
  0.00211584   0.00283569 
   0.0021262   0.00275424 
  0.00212196   0.00258817 
  0.00210181   0.00275345 
  0.00210954   0.00255407 
  0.00208841   0.00266859 
  0.00207375   0.00262824 
   0.0020824   0.00270253 
  0.00206149   0.00275533 
  0.00204991   0.00265875 
  0.00206404   0.00270913 
  0.00201304   0.00257419 
   0.0019972   0.00261196 
  0.00204277   0.00249518 
  0.00198632   0.00261655 
  0.00197363   0.00254926 
  0.00197168   0.00274795 
  0.00197812    0.0027435 
  0.00194983   0.00258896 
  0.00191882    0.0027317 
  0.00195643   0.00263838 
  0.00191181   0.00252246 
  0.00191602   0.00263467 
  0.00188598   0.00273701 
  0.00179488   0.00249965 
  0.00174464   0.00253724 
  0.00173948   0.00247987 
  0.00169126   0.00247056 
   0.0017187   0.00252419 
  0.00170206   0.00243289 
  0.00166172   0.00253361 
  0.00166214   0.00245093 
  0.00166774   0.00243362 
  0.00166067   0.00241602 
   0.0016483   0.00242871 
  0.00162494   0.00244122 
  0.00160488   0.00243538 
  0.00162261   0.00246022 
  0.00162076   0.00240209 
  0.00160296   0.00241125 
  0.00162063    0.0024542 
  0.00159465   0.00236883 
  0.00158761    0.0023876 
  0.00158719   0.00251428 
  0.00155736   0.00253898 
   0.0015742    0.0023909 
  0.00156549   0.00243669 
  0.00156788   0.00247398 
  0.00155983   0.00246819 
  0.00154318   0.00248444 
  0.00152538   0.00248427 
  0.00152637   0.00253132 
  0.00150941   0.00236023 
  0.00153833    0.0024354 
  0.00154829   0.00252526 
   0.0015003   0.00253745 
  0.00151005   0.00253186 
  0.00149536   0.00255625 
  0.00149188   0.00247323 
  0.00149723   0.00246093 
   0.0014659   0.00239892 
  0.00146254   0.00253636 
  0.00148764   0.00243956 
  0.00146961   0.00247224 
  0.00137707   0.00236286 
  0.00133361   0.00234126 
  0.00132396   0.00232024 
   0.0013007   0.00230305 
  0.00128001   0.00235683 
  0.00128923   0.00232439 
  0.00130244   0.00228952 
  0.00128511   0.00235676 
  0.00125511   0.00233765 
  0.00130078   0.00235713 
  0.00127647   0.00235161 
  0.00124921   0.00237545 
  0.00125669   0.00239033 
  0.00127284   0.00236771 
  0.00126254   0.00240538 
  0.00127938   0.00232678 
  0.00126001   0.00229467 
  0.00124073    0.0023161 
  0.00126662   0.00242853 
  0.00128232   0.00234874 
  0.00124273    0.0023343 
  0.00125322   0.00228287 
  0.00125212   0.00235252 
  0.00124216   0.00233522 
  0.00126099   0.00241347 
  0.00127944   0.00237912 
   0.0012319   0.00236792 
   0.0012558   0.00236591 
   0.0012247   0.00237483 
  0.00123601   0.00238095 
  0.00124019   0.00233331 
  0.00125375   0.00245401 
  0.00124961   0.00233046 
  0.00122835   0.00234731 
  0.00122909   0.00232486 
  0.00123067   0.00234935 
  0.00123882   0.00233455 
  0.00122983   0.00243869 
  0.00120013    0.0024221 
  0.00121073   0.00242098 
