#      Train        Test
   0.0125288    0.0122247 
   0.0095547   0.00954624 
  0.00849819   0.00835392 
  0.00787726   0.00859187 
  0.00738882   0.00818734 
  0.00692545   0.00738912 
  0.00652623   0.00730386 
  0.00627468   0.00536924 
  0.00601131   0.00556443 
  0.00585764   0.00628341 
  0.00562633   0.00529874 
  0.00553096    0.0051627 
  0.00530588   0.00469058 
  0.00517097   0.00454432 
  0.00505625   0.00512124 
  0.00489431   0.00540712 
   0.0047641   0.00484971 
  0.00474539   0.00518373 
  0.00459792   0.00431386 
  0.00453934   0.00425229 
  0.00441685   0.00444257 
  0.00437927   0.00483567 
  0.00431537   0.00537569 
  0.00422157   0.00367377 
   0.0041432   0.00406262 
  0.00413009   0.00448863 
  0.00403399   0.00373526 
  0.00397203   0.00434245 
  0.00396455   0.00435248 
  0.00385746   0.00447291 
  0.00344938   0.00362948 
  0.00330472   0.00308402 
  0.00331246   0.00346102 
  0.00321142   0.00326328 
  0.00313674   0.00318266 
  0.00302069   0.00310923 
  0.00303275   0.00315313 
  0.00293848   0.00308955 
   0.0029745   0.00297567 
  0.00291577   0.00302165 
  0.00284947   0.00300154 
  0.00283293   0.00290059 
  0.00283143   0.00289822 
  0.00279956   0.00300377 
  0.00276324   0.00288498 
  0.00273994   0.00287668 
  0.00267354   0.00280436 
  0.00268547   0.00286414 
  0.00266242    0.0028311 
  0.00257768   0.00293002 
  0.00257558   0.00285332 
  0.00259235   0.00277752 
  0.00256017   0.00291279 
  0.00249872   0.00281155 
  0.00247021   0.00273094 
  0.00248588   0.00270694 
  0.00244136    0.0027784 
  0.00246238   0.00285999 
  0.00242616   0.00290969 
  0.00243595   0.00286911 
  0.00236956   0.00269068 
  0.00240621   0.00283563 
  0.00237563   0.00284832 
  0.00241209   0.00275488 
  0.00239507   0.00294569 
   0.0024084   0.00275315 
  0.00236594   0.00271092 
  0.00236216   0.00281337 
  0.00240147   0.00284747 
  0.00238165   0.00273447 
  0.00234251    0.0027383 
  0.00237759   0.00289972 
  0.00236201   0.00265206 
  0.00235492   0.00276623 
  0.00234058   0.00277253 
  0.00231243   0.00308744 
  0.00236352    0.0027503 
  0.00234112   0.00285013 
  0.00230654   0.00296475 
  0.00229554   0.00275269 
  0.00229408   0.00276864 
   0.0023513   0.00288566 
  0.00228877   0.00268714 
   0.0023483   0.00266781 
  0.00228056   0.00267728 
  0.00228881   0.00285732 
  0.00230042   0.00338254 
  0.00229378   0.00269347 
  0.00229882    0.0026069 
  0.00226771   0.00288917 
  0.00225784   0.00265083 
   0.0022601    0.0027683 
  0.00228626    0.0026963 
  0.00222885   0.00280246 
  0.00221493   0.00280708 
  0.00223684   0.00272666 
  0.00222674   0.00275999 
  0.00220399   0.00278085 
  0.00216802   0.00275797 
  0.00212439   0.00277429 
  0.00199069   0.00251252 
  0.00195374   0.00263746 
  0.00194932   0.00255908 
  0.00190539   0.00254213 
  0.00192014    0.0025451 
  0.00188419   0.00249299 
  0.00189087   0.00251638 
  0.00187249   0.00251402 
  0.00187185   0.00252118 
  0.00188106   0.00267182 
  0.00185524   0.00259864 
  0.00180386   0.00263669 
  0.00183841   0.00260628 
  0.00182931   0.00247626 
  0.00182309   0.00254301 
  0.00180749   0.00254556 
   0.0017852   0.00254779 
  0.00178805   0.00254043 
  0.00179801   0.00249327 
   0.0017711    0.0024468 
  0.00177948   0.00258378 
  0.00173399   0.00247437 
  0.00173423   0.00248863 
  0.00176553   0.00261546 
  0.00170354   0.00249844 
    0.001751   0.00251999 
   0.0017169   0.00246258 
  0.00168809   0.00254813 
   0.0017024    0.0023766 
  0.00169484   0.00245273 
  0.00170897    0.0025127 
  0.00168376    0.0025922 
  0.00170693   0.00246865 
  0.00166196   0.00253355 
  0.00166443   0.00251376 
   0.0016686   0.00250405 
  0.00164426   0.00250571 
  0.00166384   0.00255051 
  0.00162587   0.00250319 
  0.00165896   0.00246774 
  0.00162233   0.00248384 
  0.00165935   0.00262196 
  0.00163649   0.00256649 
  0.00163164   0.00256037 
  0.00161294   0.00256974 
  0.00157798   0.00247404 
  0.00160225   0.00252363 
  0.00155609   0.00251001 
  0.00157365   0.00249462 
  0.00158918   0.00248484 
  0.00156495   0.00256882 
  0.00155567   0.00250612 
  0.00156672   0.00251754 
  0.00154609   0.00256411 
  0.00155864   0.00250327 
   0.0015423   0.00261098 
  0.00156713   0.00249312 
  0.00153464   0.00248369 
  0.00153955   0.00245236 
  0.00152947    0.0024622 
  0.00138916   0.00243767 
  0.00140599   0.00236437 
  0.00135765   0.00242473 
  0.00136023   0.00235315 
  0.00136256   0.00236937 
  0.00135069   0.00234865 
  0.00134681   0.00239153 
  0.00132561    0.0023383 
  0.00133675   0.00235228 
  0.00131229     0.002337 
  0.00134077   0.00234829 
   0.0013387   0.00235215 
    0.001337   0.00237928 
  0.00131776   0.00235377 
  0.00132954   0.00236799 
  0.00128772   0.00242235 
  0.00131827   0.00240909 
  0.00130267   0.00234713 
  0.00132191   0.00238115 
  0.00132028   0.00233843 
  0.00130165   0.00238827 
  0.00130987   0.00239003 
  0.00131291   0.00239133 
  0.00128738   0.00238446 
  0.00129786   0.00236146 
  0.00128037   0.00240812 
  0.00128004    0.0024139 
  0.00125798   0.00240364 
  0.00130331    0.0023821 
  0.00128923   0.00236283 
  0.00129298   0.00244691 
  0.00127948   0.00235287 
  0.00129689   0.00245298 
  0.00127309   0.00236189 
  0.00126946   0.00236218 
  0.00131302   0.00236526 
  0.00126473   0.00236666 
  0.00126273   0.00242592 
  0.00129926   0.00238464 
  0.00127586   0.00236302 
